总说要求高，但是谁没有要求呢，工作沉浮太久，单身2年了，想认识一些女生。本人15届毕业，家在广州，身高175cm，63kg。不会游泳，性格外向活泼，属于情感细腻类型，对女生要求身高158以上，110kg以下。其他看感觉。有意者联系企鹅五零五六四四八八一	4	17	2016-10-10 10:35    
0.0	0.0	0.0	0.0	0.0	0.0	0.0	0.0	0.06	0.048	0.0	0.0	0.0	0.0	0.036	0.0	0.0	0.0	0.0	0.0	0.036	0.0	0.0	0.0	0.036	0.0	0.0	0.0	0.024	0.024

征男友！！！顺便卖个书，可小刀刀。三元里，哈哈。留下想要的书名我私聊你。3点前截止咯。嘿嘿。	5	12	2016-10-07 12:36    
0.0	0.144	0.0	0.0	0.0	0.0	0.0	0.0	0.0	0.0	0.0	0.0	0.0	0.0	0.0	0.0	0.036	0.0	0.0	0.0	0.0	0.0	0.036	0.0	0.0	0.0	0.0	0.0	0.0	0.0

双十一申通快递招快递兼职啦~工作简单只需要分拣快递，每天工作八小时，早上八点到下午四点（快递多的话需要提前半小时）。工作地点是大学城穗石村，在学校骑单车10-15分钟就能到的，工资高一天100哦~13号-25号每天都需要人，周末基本人爆满了。希望工作日没课的亲踊跃报名哦~微信私聊	4	4	2016-11-01 16:01    
0.0	0.144	0.0	0.0	0.0	0.0	0.0	0.0	0.0	0.0	0.0	0.0	0.036	0.0	0.036	0.0	0.0	0.036	0.0	0.0	0.036	0.0	0.0	0.0	0.0	0.0	0.024	0.0	0.0	0.0

出一台Kindle paperwrite3，9成新。有兴趣点赞我私聊，非诚勿扰谢谢～	3	6	2016-10-31 14:18    
0.0	0.144	0.12	0.0	0.0	0.0	0.072	0.072	0.0	0.0	0.0	0.0	0.0	0.0	0.0	0.0	0.0	0.0	0.0	0.0	0.0	0.0	0.0	0.0	0.0	0.0	0.0	0.024	0.0	0.0

蓝色可爱收纳盒，男女均可用，四十买的，一切完好，由于三元里宿舍位置不够，所以想低价卖掉，20出手，可小刀	3	2	2016-10-25 10:12    
0.0	0.0	0.0	0.084	0.0	0.0	0.0	0.0	0.0	0.0	0.0	0.0	0.0	0.0	0.0	0.0	0.0	0.0	0.0	0.0	0.0	0.0	0.036	0.0	0.0	0.0	0.0	0.0	0.0	0.0

有人想专业学钢琴小提琴古琴等乐器的吗？都零基础的，想学的点赞留言我私聊哈	10	5	2016-10-02 11:50    
0.0	0.144	0.12	0.0	0.0	0.0	0.0	0.0	0.0	0.0	0.0	0.036	0.0	0.0	0.0	0.0	0.0	0.0	0.0	0.0	0.0	0.0	0.0	0.0	0.0	0.0	0.0	0.0	0.0	0.0

