额，前男友最近都点赞或评论我发的东西。都不知怎么回复	5	2	2016-10-21 22:39    
0.347	0.0	0.12	0.0	0.0	0.0	0.0	0.0	0.0	0.0	0.0	0.0	0.0	0.0	0.0	0.0	0.0	0.0	0.0	0.0	0.0	0.0	0.0	0.0	0.0	0.0	0.0	0.0	0.0	0.0

有大师零基础教书法或国画，学生很优惠啊！想学的评论或点赞哈	11	2	2016-10-22 13:44    
0.347	0.0	0.0	0.0	0.0	0.0	0.0	0.0	0.0	0.0	0.0	0.036	0.0	0.0	0.0	0.0	0.0	0.0	0.0	0.0	0.0	0.0	0.0	0.0	0.0	0.0	0.0	0.0	0.0	0.0

希望大家不要嫌我烦，好心人帮帮忙可以吗#昨晚我是9点半离开课室的，当时只有一个女生坐在教室最后。虽然10点半才回来找，不过那教室是10点就关门了，所以期间有同学在那里进出的话可以评论一下吗？，方便我在监控视频里面逐个排查，谢谢大家的支持	4	5	2016-10-22 18:02    
0.347	0.0	0.0	0.0	0.084	0.0	0.0	0.0	0.0	0.048	0.0	0.0	0.0	0.0	0.0	0.0	0.0	0.036	0.0	0.0	0.0	0.0	0.0	0.0	0.0	0.0	0.0	0.0	0.0	0.0

一个人坐十几个钟头的火车回广州，长夜漫漫，想找个陌生的男生说说话，点赞或评论，我会挑颜好的私信。	4	9	2016-10-20 18:58    
0.347	0.0	0.12	0.0	0.0	0.0	0.0	0.0	0.0	0.0	0.036	0.0	0.0	0.0	0.0	0.036	0.0	0.0	0.0	0.0	0.0	0.036	0.0	0.0	0.0	0.0	0.0	0.0	0.024	0.0

今天在厕所撩我的那个师弟貌似有女票了，莫非是我想多了，好咯，我是单身狗我锅不过真心不喜欢上厕所被人盯着还评论几句，有什么好看的你又不是没有。。	3	7	2016-10-18 19:28    
0.347	0.0	0.0	0.0	0.0	0.072	0.0	0.0	0.0	0.0	0.0	0.0	0.0	0.0	0.0	0.0	0.0	0.0	0.0	0.0	0.0	0.0	0.0	0.0	0.036	0.0	0.0	0.0	0.0	0.0

有师弟师妹愿意有偿帮忙听讲座盖学分章吗…还差几个……可以帮忙的评论一下或者点赞…	3	7	2016-10-17 14:46    
0.347	0.0	0.12	0.0	0.0	0.0	0.0	0.0	0.0	0.0	0.0	0.0	0.0	0.0	0.0	0.0	0.0	0.0	0.0	0.0	0.0	0.0	0.0	0.0	0.0	0.0	0.0	0.0	0.0	0.0

全新学校游泳卡低价出 价格你定 真的不想浪费啊唉 有意者评论吧	3	7	2016-10-17 10:18    
0.347	0.0	0.0	0.0	0.0	0.0	0.0	0.072	0.06	0.0	0.0	0.0	0.0	0.0	0.0	0.0	0.0	0.0	0.0	0.0	0.0	0.0	0.0	0.036	0.0	0.024	0.024	0.0	0.0	0.024

某男生的所谓暗恋真的觉得很恶心上学期带着室友一起在栏杆看对面女生宿舍然后共同讨论暗恋女生的胸部尺寸吗？还说得很大声 明确表示不喜欢还是不死心 拍照 拍视频 然后在宿舍讨论分享大笑下次见到你我要爆粗你才懂？不要评论说这么远你怎么可能知道 上学期我们合班上课 他们的讲话声就像个喇叭	5	11	2016-10-15 22:20    
0.347	0.0	0.0	0.0	0.0	0.072	0.0	0.0	0.0	0.048	0.0	0.0	0.0	0.0	0.0	0.0	0.0	0.0	0.0	0.0	0.0	0.036	0.0	0.0	0.0	0.0	0.0	0.0	0.0	0.0

刚一起的时候，男友每发一条晒恩爱的朋友圈，其前任都会评论“没有xx好”“长得不咋的”“这女的长的有点凶”“就xx而已有什么厉害的”。呵呵，心里千万只草泥马奔腾着。因为前任是学医的，男友说，留着微信不删，或许家里人有点什么事都可以问问？？？what？？？	5	7	2016-10-14 20:33    
0.347	0.0	0.0	0.0	0.0	0.0	0.0	0.0	0.0	0.0	0.0	0.0	0.036	0.0	0.0	0.0	0.036	0.0	0.0	0.0	0.0	0.0	0.0	0.0	0.0	0.0	0.0	0.0	0.0	0.0

只有你有一颗热爱网球的心，无论水平怎么样 是新手 或者从未学过 这里都能找到你所需要的 网球招新 欢迎你的加入。（注：有兴趣的同学可在下方评论，非诚勿扰。）	5	10	2016-10-14 14:05    
0.347	0.0	0.0	0.0	0.084	0.0	0.072	0.0	0.0	0.0	0.0	0.0	0.0	0.0	0.0	0.0	0.0	0.0	0.0	0.0	0.0	0.0	0.0	0.0	0.0	0.0	0.0	0.024	0.0	0.0

秋风乍起，天气微凉，你是否需要一款来自四川大凉山的耗牛肉，来暖暖身体，我想让我妈给我从家乡菜市场火爆摊位寄过来，有没有广中医的同学一起拼单均邮费的啦～有需要的同学尽快，微博私我（我在评论里冒个头：吕帝姐姐的龙门阵），我登记下，这周让我妈寄过来啦～	3	14	2016-10-10 20:04    
0.347	0.0	0.0	0.0	0.084	0.0	0.0	0.0	0.0	0.0	0.0	0.0	0.0	0.0	0.0	0.0	0.0	0.0	0.0	0.036	0.0	0.0	0.0	0.0	0.0	0.0	0.0	0.0	0.0	0.0

我家超市卖冰沙的女孩儿，穿灰色衣服的，感觉很喜欢你，几乎每天都会买冰沙。希望你能看到，点赞或者评论。很想认识你。	3	10	2016-10-09 21:51    
0.347	0.0	0.12	0.084	0.0	0.072	0.0	0.0	0.0	0.0	0.0	0.0	0.0	0.0	0.0	0.0	0.0	0.036	0.0	0.0	0.0	0.0	0.0	0.0	0.0	0.0	0.0	0.0	0.0	0.0

那条征男友要求有一对丹凤眼，长得像李准基的微博其实是我发的，看到你们的评论，突然觉得自己要求好像有点高	4	6	2016-10-08 17:57    
0.347	0.0	0.0	0.0	0.0	0.0	0.0	0.0	0.0	0.0	0.0	0.0	0.0	0.0	0.0	0.0	0.036	0.0	0.0	0.0	0.036	0.0	0.0	0.0	0.0	0.0	0.0	0.0	0.0	0.0

征女友，本人像李准基，要求女的性格好，爱聊天，欢迎评论点赞	12	20	2016-10-07 22:21    
0.347	0.0	0.12	0.0	0.0	0.0	0.0	0.0	0.0	0.0	0.0	0.0	0.0	0.0	0.0	0.0	0.0	0.0	0.0	0.0	0.0	0.0	0.0	0.0	0.0	0.0	0.0	0.0	0.0	0.0

有没有人想要skinfood的水乳呀？同学韩国帮买的，买的不久，用了几次发现皮肤不是很合适，还有一堆小样，丢掉怪可惜的，想要的同学评论我私信你，免费送啦	4	10	2016-10-07 16:24    
0.347	0.0	0.0	0.084	0.084	0.0	0.0	0.0	0.0	0.0	0.0	0.0	0.0	0.0	0.0	0.036	0.0	0.0	0.0	0.0	0.0	0.0	0.0	0.0	0.0	0.0	0.0	0.0	0.0	0.0

那个微博叫什么pao友，每次被他点赞或者评论都觉得玷污了我的微博，拉黑他几万遍都没用！评论我还能自己删，怎么删他点赞阿阿阿阿！本王要生气了，他点赞之后弄得我觉得我微博被玷污了要删掉[微笑]神经病阿	7	6	2016-10-08 00:01    
0.347	0.0	0.12	0.0	0.0	0.0	0.0	0.0	0.0	0.0	0.0	0.0	0.0	0.0	0.0	0.0	0.0	0.0	0.0	0.0	0.0	0.0	0.0	0.0	0.0	0.0	0.0	0.0	0.0	0.0

有人这周四有空兼职吗？ 工作就是辅导小学生做作业 很简单，地点在科韵路附近，公交车就能到，有意者评论啊～最好是有经验的～急求！	3	5	2016-11-01 15:57    
0.347	0.0	0.0	0.0	0.0	0.0	0.0	0.0	0.06	0.0	0.0	0.0	0.0	0.0	0.036	0.0	0.0	0.0	0.0	0.0	0.0	0.0	0.0	0.0	0.0	0.0	0.0	0.0	0.0	0.0

明晚三元里羽毛球三缺一，混双缺个女的，19-21。有吗有吗？一个要求……球过来第一反应不是躲也不是跑的……有的话评论哈，我私信你。不要钱	4	9	2016-10-27 21:46    
0.347	0.0	0.0	0.0	0.0	0.0	0.0	0.0	0.0	0.0	0.0	0.0	0.0	0.0	0.0	0.036	0.0	0.0	0.0	0.0	0.0	0.0	0.036	0.0	0.0	0.0	0.0	0.0	0.0	0.0

看了一天的轮协的问题，我觉得吧，除了申请手续外，更要注意各位（轮协的人跟j栋提出质疑的同学都要）的说话方式，都是校友好好说话不可以么，态度好一点可能别人也不会那么排斥。真的看不下去那些上来就呛人的同学，没错，这次说的是某评论里某位轮协的朋友，注意你的态度。——来自别栋的路人。	8	2	2016-10-26 17:57    
0.347	0.0	0.0	0.0	0.084	0.0	0.0	0.0	0.0	0.0	0.0	0.0	0.0	0.0	0.0	0.0	0.0	0.0	0.036	0.0	0.0	0.0	0.0	0.0	0.0	0.0	0.0	0.0	0.0	0.0

有对阿卡贝拉感兴趣或者有一定唱功基础又想尝试一下acapella的同学吗？？很想在广中医建一个人声乐队~有兴趣的评论或点赞我找你~	4	8	2016-10-05 16:20    
0.347	0.0	0.12	0.0	0.084	0.0	0.072	0.0	0.0	0.0	0.0	0.036	0.0	0.0	0.0	0.0	0.0	0.0	0.0	0.036	0.0	0.0	0.0	0.0	0.0	0.0	0.0	0.0	0.0	0.0

想找个女票，最好是北方的，有意评论吧	4	13	2016-10-05 16:11    
0.347	0.0	0.0	0.0	0.0	0.0	0.0	0.0	0.0	0.0	0.036	0.0	0.0	0.036	0.0	0.0	0.0	0.0	0.0	0.0	0.0	0.0	0.0	0.0	0.0	0.0	0.0	0.0	0.0	0.0

买了一盒网红麦片，但吃了一块儿才发现自己不喜欢这种味道，有没有小伙伴可以收了它？价格好商量，有意的点赞或评论	3	4	2016-10-02 10:55    
0.347	0.0	0.12	0.084	0.0	0.072	0.0	0.0	0.0	0.0	0.0	0.0	0.0	0.036	0.0	0.0	0.0	0.0	0.0	0.0	0.0	0.0	0.0	0.0	0.0	0.0	0.0	0.0	0.0	0.0

新到手一批微信沃派卡，每月16元就有6g的流量，需要的朋友可以评论哟	5	6	2016-10-02 23:31    
0.347	0.0	0.0	0.0	0.0	0.0	0.0	0.0	0.0	0.0	0.0	0.0	0.036	0.0	0.0	0.0	0.0	0.0	0.036	0.0	0.0	0.0	0.0	0.0	0.0	0.024	0.0	0.0	0.0	0.0

