看到身边的人一个个脱单也想找个女朋友了，本人181+性格比较开朗活泼平时喜欢运动颜值一般。想认识一下能聊活泼，160左右的女生。可以评论或私聊。。。。	4	23	2016-10-22 09:30    
0.347	0.144	0.0	0.0	0.0	0.072	0.0	0.0	0.0	0.048	0.036	0.0	0.0	0.0	0.0	0.0	0.0	0.0	0.0	0.0	0.0	0.0	0.0	0.0	0.0	0.0	0.0	0.0	0.0	0.0

135出一支 全新 mac口红chili 不刀！美国代购保证正品！刚好买多了一支！有意者评论私聊！	5	18	2016-10-22 22:16    
0.347	0.144	0.0	0.084	0.0	0.0	0.0	0.072	0.06	0.0	0.0	0.0	0.0	0.0	0.0	0.0	0.0	0.0	0.0	0.0	0.0	0.0	0.0	0.036	0.0	0.0	0.0	0.0	0.0	0.0

出售篮球一只，只用过一次，就一直放着，没有任何问题，在贝岗的体育店买的，原价102，先50出，可议价，有意者评论或者点赞我私聊你	3	7	2016-10-16 11:26    
0.347	0.144	0.12	0.084	0.0	0.0	0.0	0.072	0.06	0.0	0.0	0.0	0.0	0.0	0.0	0.0	0.0	0.0	0.0	0.0	0.0	0.0	0.0	0.0	0.0	0.0	0.0	0.0	0.0	0.0

我知道广中医还是有很多优秀的单身男士的    喜欢有目标积极奋斗的男生，并不是说外貌如何  想认识一下并且我也是这样的人，如果相互吸引了可能会有故事  以对方变得更好为一切的单纯式的爱情或友情  单身优秀男青年们评论点赞吧我会私聊的	20	13	2016-10-08 12:19    
0.347	0.144	0.12	0.0	0.0	0.072	0.0	0.0	0.0	0.0	0.0	0.0	0.0	0.0	0.0	0.0	0.0	0.0	0.0	0.036	0.0	0.036	0.0	0.0	0.036	0.0	0.0	0.0	0.0	0.0

Rosette去角质凝胶（用过几次）20块出，我的美丽日记面膜4块一张，有旧版和新版，旧版（白色）保质期都是到17年三月的，新版（透明）保质期都是到18年六月。rosette是淘宝买的，美丽日记是我香港的朋友帮忙买的，评论有图，有兴趣的评论我私聊你	3	7	2016-10-07 20:06    
0.347	0.144	0.0	0.084	0.0	0.0	0.072	0.072	0.0	0.0	0.0	0.0	0.0	0.0	0.0	0.0	0.0	0.0	0.036	0.0	0.0	0.0	0.0	0.0	0.0	0.0	0.0	0.0	0.0	0.0

如果有同学想学车的话，可以把我教练推荐给你（本人科目一到四都是一次通过的，小得瑟一下～），学车教练说点粗口  普通话没那么标准很正常的，但是他还是很有责任心，态度也不错，在科目二的教学上也蛮有经验，亲证。今天也主要想感谢一下教练，为教练争点人气，有兴趣的评论私聊吧	4	2	2016-11-01 10:57    
0.347	0.144	0.0	0.0	0.084	0.0	0.072	0.0	0.0	0.0	0.0	0.0	0.0	0.0	0.0	0.0	0.0	0.0	0.0	0.0	0.0	0.0	0.0	0.0	0.0	0.0	0.0	0.0	0.0	0.0

真心找个女朋友想谈一场长长久久的恋爱，有意的评论，我私聊你。[脸红][脸红]	3	15	2016-10-31 19:50    
0.347	0.144	0.0	0.0	0.0	0.0	0.0	0.0	0.0	0.0	0.036	0.0	0.0	0.036	0.0	0.0	0.0	0.0	0.0	0.0	0.0	0.0	0.0	0.0	0.0	0.0	0.0	0.0	0.0	0.0

宝湿丽人蜗牛霜两罐，全新没用过，原119一罐，现80一罐出。适合干皮和混合用，有兴趣的评论我私聊你[眨眼]	3	4	2016-10-03 21:30    
0.347	0.144	0.0	0.0	0.0	0.0	0.072	0.072	0.0	0.0	0.0	0.0	0.0	0.0	0.0	0.0	0.0	0.0	0.0	0.0	0.0	0.0	0.0	0.036	0.0	0.0	0.0	0.0	0.0	0.0

