大四了  想实现一个小心愿  每个周末去不同学校的食堂吃饭    有兴趣的我们一起去吧  本人女生      不美 但应该不至于影响你食欲	4	20	2016-10-22 22:26    
0.234	0.0	0.0	0.0	0.0	0.0	0.05	0.0	0.0	0.0	0.0	0.0	0.0	0.0	0.0	0.0	0.0	0.0	0.0	0.0	0.0	0.0	0.0	0.0	0.0	0.0	0.0	0.0	0.0	0.0

大四狗好懵逼…现在找了一份不错的实习，跟本专业无关的，在一家行业内全国都非常有名的公司工作，做的也是我喜欢的。但是学校说只能找与本专业相关的，否则实习无效。	5	2	2016-10-21 17:21    
0.234	0.0	0.0	0.0	0.0	0.0	0.0	0.0	0.0	0.0	0.0	0.0	0.0	0.0	0.0	0.0	0.0	0.0	0.0	0.0	0.025	0.0	0.0	0.0	0.0	0.0	0.0	0.0	0.025	0.0

这段时间学校的下水道总是涌出恶心难闻的东西，下雨的时候就更严重了。最近早上七点半左右，看到好几次有这种车在靠近内环的东四路排污水，感觉是在偷排污水，这种情况该向学校什么部门反映啊？	10	11	2016-10-21 07:35    
0.234	0.0	0.0	0.075	0.0	0.0	0.0	0.0	0.0	0.0	0.0	0.0	0.0	0.0	0.0	0.0	0.0	0.0	0.0	0.0	0.0	0.0	0.0	0.025	0.0	0.0	0.0	0.0	0.0	0.0

现在感觉我们学校的饭堂的饭菜真心难吃，而且又贵，感觉乱打价钱的。	16	11	2016-10-19 16:27    
0.234	0.0	0.0	0.0	0.0	0.0	0.0	0.0	0.0	0.0	0.0	0.0	0.0	0.0	0.034	0.0	0.0	0.0	0.0	0.0	0.0	0.0	0.0	0.0	0.0	0.0	0.0	0.0	0.0	0.0

学校好有毒啊最近！每个路口都封了，有没有想过骑车的人的感受。各种下水道又塞了。d栋门又不开！这种东西设置来专门给学生添堵的吧？哪里可以反映啊！	4	4	2016-10-19 12:29    
0.234	0.0	0.0	0.0	0.067	0.0	0.0	0.05	0.0	0.0	0.0	0.0	0.0	0.0	0.0	0.0	0.0	0.0	0.0	0.034	0.0	0.0	0.0	0.0	0.0	0.0	0.0	0.0	0.0	0.025

我很好 不过是今晚骑车摔了手臂擦伤身上多了几片瘀青而已 就在中环和天桥设有障碍那里 都怪我眼睛不好使又顾着撑伞 学校领导千万别愧疚别管别撤掉障碍啊  我们的皮挺厚骨头挺硬的	12	8	2016-10-18 19:49    
0.234	0.0	0.0	0.0	0.0	0.0	0.0	0.0	0.0	0.0	0.0	0.0	0.0	0.0	0.0	0.0	0.0	0.034	0.0	0.0	0.0	0.0	0.0	0.0	0.0	0.025	0.0	0.0	0.0	0.0

接上条。面对学校一些做得不周到的方面，我们作为本校学生，难道不是更应该提建议意见，促进变化吗？为什么就只是吐槽？负能量解决不了任何问题！在六十周年校庆到来之际，我会送上最大的祝福。毕竟你的学校也是你生活四年的家。	12	11	2016-10-13 21:25    
0.234	0.0	0.0	0.0	0.067	0.0	0.0	0.0	0.0	0.0	0.0	0.0	0.0	0.0	0.0	0.0	0.0	0.0	0.0	0.0	0.0	0.0	0.0	0.0	0.0	0.0	0.0	0.0	0.0	0.0

中医学子，何以维权？！：【1】依照学校推免的惯例以及文件要求，保险学作为一个独立的专业，有一个推免生名额。2016年9月9日，我参加了经济与管理学院的推免面试，后学院公示文件显示我获得...文字版>> http://t.cn/Rc1JUAR （新浪长微博>> 还在为微博的140字烦恼？你out啦~快来试试新浪博客的长微博工具吧！把你想说的话，想分享的照片合成一条微博发布。）	9	9	2016-10-13 20:15    
0.234	0.0	0.0	0.0	0.0	0.0	0.0	0.0	0.0	0.0	0.0	0.0	0.0	0.034	0.0	0.0	0.0	0.0	0.0	0.0	0.0	0.0	0.0	0.0	0.0	0.0	0.0	0.0	0.025	0.0

说实话，我真的很讨厌学校在设施不齐地方不大而且课又那么多的情况下鼓励学生去参加举办各种各样的活动，而且把学生的时间看的非常廉价。再比如一饭门口这几天。住在这边被扰民的次数真的是让我上课想集中精神都没法控制住打瞌睡的欲望。喷的不是各个组织社团，喷的是学校。虽然我爱广中医。	10	2	2016-10-14 12:43    
0.234	0.0	0.075	0.0	0.067	0.0	0.0	0.0	0.0	0.0	0.0	0.0	0.0	0.0	0.0	0.0	0.0	0.0	0.0	0.0	0.0	0.0	0.0	0.025	0.025	0.0	0.0	0.0	0.0	0.0

在广中医四年，很多学校方面处理事情的方式确实刷新我的认识。可是我对学校更多的是恨铁不成钢，即便心里一遍遍吐槽食堂和各种基础设施的不完备以及那三天打鱼两天关门的医务处，可对着外人我还是愿意选学校好的地方说。不是为了面子，只是因为我也爱我的学校。相信很多人和我一样～	10	5	2016-10-13 21:18    
0.234	0.0	0.075	0.0	0.0	0.0	0.0	0.0	0.0	0.0	0.0	0.0	0.0	0.0	0.0	0.0	0.0	0.0	0.0	0.0	0.0	0.0	0.0	0.0	0.0	0.0	0.0	0.0	0.0	0.0

一觉醒来发现学校做了很多蠢事，f栋路口被封，这让6栋自行车都是要扛上楼梯的节奏吗？   不仅如此，早前M栋路口也被封，还有天桥下面的路口，脑子是不是生锈了？这么多自行车，都要往芒果路挤吗？excuse me？	7	3	2016-10-13 16:17    
0.234	0.0	0.0	0.0	0.0	0.059	0.0	0.05	0.0	0.042	0.0	0.0	0.0	0.0	0.0	0.034	0.0	0.0	0.0	0.034	0.0	0.0	0.0	0.0	0.0	0.0	0.0	0.0	0.0	0.0

双十一申通快递招快递兼职啦~工作简单只需要分拣快递，每天工作八小时，早上八点到下午四点（快递多的话需要提前半小时）。工作地点是大学城穗石村，在学校骑单车10-15分钟就能到的，工资高一天100哦~13号-25号每天都需要人，周末基本人爆满了。希望工作日没课的亲踊跃报名哦~微信私聊	4	4	2016-11-01 16:01    
0.234	0.0	0.0	0.0	0.0	0.0	0.0	0.0	0.0	0.0	0.0	0.0	0.0	0.0	0.0	0.0	0.0	0.0	0.0	0.0	0.0	0.0	0.0	0.0	0.0	0.0	0.025	0.0	0.0	0.0

昨天看I栋才知道这本书是我们学校师兄写的，之前还知道。两个月前看了，写得实在太好了，思考非常深入，解读的时候却用极其简单的方式，尤其喜欢上面的思考图，简直太牛了，果然是大广中医出来的人才!!!	9	2	2016-10-31 20:44    
0.234	0.0	0.075	0.0	0.0	0.0	0.0	0.0	0.0	0.0	0.0	0.0	0.0	0.0	0.0	0.0	0.0	0.0	0.0	0.0	0.0	0.0	0.0	0.0	0.0	0.0	0.0	0.0	0.0	0.0

谁能告诉我学校一商二商啥时候开？受不了学校变成这样，想买点东西都好麻烦，受不了！！！！！！	3	2	2016-10-31 11:53    
0.234	0.0	0.0	0.0	0.0	0.0	0.0	0.0	0.0	0.0	0.0	0.0	0.0	0.0	0.0	0.0	0.034	0.0	0.0	0.0	0.0	0.0	0.0	0.0	0.0	0.0	0.0	0.0	0.0	0.0

尼玛一商二商就这样不打算开了吗？学校你要拖到什么时候？！吃广药的饭，听广药的广播，绕广药的路，我们不如叫广东药科大学附属大学吧	35	11	2016-10-28 00:28    
0.234	0.0	0.0	0.0	0.0	0.059	0.0	0.0	0.0	0.0	0.042	0.0	0.0	0.0	0.0	0.0	0.034	0.0	0.0	0.0	0.0	0.0	0.0	0.0	0.0	0.0	0.0	0.0	0.0	0.0

其实一饭二饭的路口进出的小轿车很多，所谓的五类车比其他路口的更多。所以恳请学校把那两个路口也给封了，那样的话我们就安全了，那样的话我们就可以拥有一个安稳舒适的生活环境了。	13	4	2016-10-27 11:05    
0.234	0.0	0.0	0.0	0.0	0.0	0.0	0.05	0.0	0.0	0.0	0.0	0.0	0.0	0.0	0.0	0.0	0.0	0.0	0.034	0.0	0.0	0.0	0.0	0.025	0.0	0.0	0.0	0.0	0.0

大学城最丑的学校就是广中医了吧	6	7	2016-10-27 11:45    
0.234	0.0	0.075	0.0	0.0	0.0	0.0	0.0	0.0	0.0	0.0	0.0	0.0	0.0	0.0	0.0	0.0	0.0	0.0	0.0	0.0	0.0	0.0	0.0	0.0	0.0	0.0	0.0	0.0	0.0

请问现在发论文学校还可以报销吗？报销到通知拿钱要多久？核心和非核心都可以吗？	4	2	2016-10-26 20:49    
0.234	0.0	0.0	0.0	0.0	0.0	0.0	0.0	0.0	0.0	0.0	0.0	0.0	0.0	0.0	0.0	0.0	0.0	0.034	0.0	0.0	0.0	0.0	0.0	0.0	0.0	0.0	0.0	0.0	0.0

好气哦，二商那去广药的路被封了，这是想断绝我们去广药吃饭的节奏吗？回想去年刚来到广中医的时候，我还说我们学校的生活区很自由，现在………无力吐槽了                                       来自15级学生的无奈	6	4	2016-10-26 17:43    
0.234	0.0	0.075	0.0	0.067	0.059	0.05	0.05	0.0	0.0	0.0	0.0	0.0	0.0	0.0	0.0	0.034	0.0	0.0	0.0	0.0	0.0	0.0	0.0	0.0	0.0	0.0	0.0	0.0	0.0

自习室打水那里常年积水～每次走过都像如履薄冰，相关领导却是不闻不问呵呵呵呵。也是，学校的精力都花在了护城河建设等等的面子工程了。对了，今天还看到几个阿姨在拿高压水枪清洗博物馆门前的阶梯……呵呵呵呵      @广州中医药大学学生会权益部	3	3	2016-10-25 09:08    
0.234	0.0	0.0	0.0	0.0	0.0	0.0	0.0	0.0	0.0	0.0	0.0	0.0	0.0	0.0	0.0	0.0	0.034	0.0	0.0	0.025	0.0	0.0	0.0	0.0	0.0	0.0	0.0	0.0	0.0

请问有同学知道我们学校的中医养生馆的推拿按摩收费标准吗？好想找人按摩一下啊，或者有同学愿意帮我的话也可以啊，你报价，合适的我私你，（当然你不收钱我也是很乐意的哈哈，不会亏待你的啦，）本人女，偏瘦	4	11	2016-10-24 23:12    
0.234	0.0	0.0	0.0	0.0	0.0	0.0	0.0	0.0	0.0	0.0	0.042	0.0	0.0	0.0	0.0	0.0	0.0	0.0	0.0	0.0	0.0	0.0	0.0	0.0	0.0	0.0	0.0	0.0	0.0

我们学校有没有跨专业考研的师兄师姐啊，比如临床跨到心理学啊教育学之类的！想了解相关的，求不沉底！	5	5	2016-10-05 18:31    
0.234	0.0	0.0	0.0	0.0	0.0	0.0	0.0	0.0	0.0	0.0	0.0	0.0	0.0	0.0	0.0	0.0	0.0	0.0	0.0	0.025	0.0	0.0	0.0	0.0	0.0	0.0	0.0	0.0	0.0

