上课听多了老师对潮汕人各种奇怪的看法，大家聊一聊对潮汕人（男or女）的印象，亲身感受而非道听途说	3	39	2016-10-19 21:00    
0.0	0.0	0.0	0.0	0.0	0.0	0.0	0.0	0.0	0.0	0.0	0.042	0.042	0.0	0.0	0.0	0.0	0.0	0.0	0.0	0.0	0.0	0.0	0.0	0.0	0.0	0.0	0.0	0.0	0.0

橄榄球队和橄榄球协会招新啦，诚招美女经理和球队医疗员各两名，校橄榄球队面向所有学院大一男生招新，橄榄球协会面向全校同学招新，如果你对橄榄球感兴趣，想了解橄榄球文化，快来加入我们吧@广中医I栋 @广州中医药大学社联	4	5	2016-10-13 23:32    
0.0	0.0	0.075	0.0	0.0	0.0	0.0	0.0	0.0	0.0	0.0	0.0	0.0	0.034	0.0	0.0	0.0	0.0	0.0	0.0	0.0	0.0	0.0	0.0	0.0	0.0	0.0	0.0	0.0	0.0

老师拖堂，12.05赶到一饭时三楼的人已经排到二楼了，想着还没吃过二楼的自选就去吃了。终于明白有些事不能将就，一饭二楼的自选不仅又少又贵，而且还比三楼难吃，免费汤也没有了，难怪去排队的人那么少。本着不浪费粮食的原则，还是把大部分菜给倒了[摊手][摊手][摊手]	4	4	2016-11-01 12:25    
0.0	0.0	0.0	0.0	0.0	0.0	0.0	0.0	0.0	0.0	0.042	0.0	0.042	0.0	0.0	0.0	0.0	0.0	0.0	0.0	0.0	0.0	0.0	0.0	0.025	0.0	0.0	0.0	0.0	0.0

气死人了，慷慨的经管院，小气吧啦的一院和中药学院，害人白站那么久，同为学生，何必彼此为难，一个章都没有盖到[怒]，小气，斤斤计较	6	6	2016-10-26 21:12    
0.0	0.0	0.0	0.0	0.067	0.0	0.0	0.0	0.0	0.0	0.0	0.0	0.0	0.034	0.0	0.0	0.0	0.0	0.0	0.0	0.0	0.0	0.0	0.0	0.0	0.0	0.0	0.0	0.0	0.0

说实话，某些女生，你们知不知道图书馆不能吃东西的[难过] 而且还在一楼多媒体室吃味道很大的早餐[斜眼] 已经不是第一次遇到这种人，怒到狂拍桌[斜眼] 图书馆不能吃东西，你老师没教你吗[汗] 下次再碰到这种人直接爆照发I栋了 一大早就被这素质恶心到了	7	4	2016-10-24 09:05    
0.0	0.0	0.0	0.0	0.0	0.0	0.0	0.0	0.0	0.0	0.042	0.0	0.042	0.0	0.0	0.0	0.0	0.0	0.0	0.0	0.0	0.0	0.0	0.0	0.0	0.0	0.0	0.0	0.0	0.0

