最近广中医10栋，我的外卖，室友的外卖，同学的外卖老是被别人拿走。真的很生气，别人付的钱，他凭什么吃白食！此人作案频率越来越高，希望能通过楼主平台，大家的力量，找出此人。	4	6	2016-10-21 18:51    
0.0	0.151	0.075	0.0	0.0	0.0	0.0	0.0	0.0	0.042	0.0	0.0	0.0	0.0	0.0	0.0	0.0	0.0	0.034	0.0	0.0	0.0	0.0	0.0	0.0	0.0	0.0	0.0	0.0	0.0

J栋偷外卖的，厉害了[微笑]	3	3	2016-10-20 10:52    
0.0	0.151	0.0	0.075	0.0	0.0	0.0	0.0	0.0	0.0	0.0	0.0	0.0	0.0	0.0	0.0	0.0	0.0	0.0	0.0	0.0	0.0	0.0	0.0	0.0	0.0	0.0	0.0	0.0	0.0

d栋外卖总是被偷，现在点个外卖一接到电话就得飞毛腿跑下去，有没有人有意愿成立个小组来抓偷外卖的，好想看看那个人或那些人的嘴脸，痛恶至极！好想点个外卖故意给那些人拿然后抓个现行	9	6	2016-10-19 13:36    
0.0	0.151	0.0	0.075	0.0	0.0	0.0	0.0	0.0	0.042	0.0	0.0	0.0	0.0	0.0	0.0	0.0	0.0	0.0	0.0	0.0	0.0	0.025	0.0	0.0	0.0	0.0	0.0	0.0	0.0

最近a栋这么多偷外卖的。看来是时候点个外卖去蹲点，请叫我活雷锋	24	4	2016-10-14 00:28    
0.0	0.151	0.0	0.0	0.0	0.0	0.0	0.0	0.0	0.0	0.0	0.0	0.0	0.0	0.0	0.0	0.0	0.0	0.0	0.0	0.0	0.0	0.0	0.0	0.0	0.0	0.0	0.025	0.0	0.0

本人今晚于七点四十到八点十分之间在A栋丢失外卖，注意是A栋。外卖内容有:紫菜包饭，咸鸭蛋，糯米卷。如果A栋的女宝宝发现今晚你舍友有以上内容，请注意她！！！小心她！！！	20	2	2016-10-14 00:15    
0.0	0.151	0.0	0.0	0.0	0.0	0.0	0.0	0.05	0.0	0.0	0.042	0.0	0.0	0.0	0.034	0.0	0.0	0.0	0.0	0.0	0.0	0.0	0.0	0.0	0.025	0.025	0.025	0.0	0.0

本人昨晚于七点四十到八点十分之间在A栋丢失外卖，注意是A栋。外卖内容有:紫菜包饭，咸鸭蛋，糯米卷。如果A栋的女宝宝发现今晚你舍友有以上内容，请注意她！！！小心她！！！	4	4	2016-10-14 07:06    
0.0	0.151	0.0	0.0	0.0	0.0	0.0	0.0	0.05	0.0	0.0	0.042	0.0	0.0	0.0	0.034	0.0	0.0	0.0	0.0	0.0	0.0	0.0	0.0	0.0	0.025	0.025	0.025	0.0	0.0

A栋今天穿薄荷绿衣服的女的，偷外卖拜托专业一点啊，还被我发现，你没钱吃饭就赚咯，偷东西算什么鬼。。下次别给我看到你	5	7	2016-10-13 16:40    
0.0	0.151	0.0	0.075	0.0	0.0	0.05	0.0	0.05	0.0	0.0	0.042	0.0	0.0	0.0	0.034	0.0	0.0	0.034	0.0	0.0	0.0	0.0	0.0	0.0	0.0	0.0	0.0	0.025	0.0

广中医A栋偷外卖的你给我听好了，没钱吃饭你去偷钱去啊！偷我们的外卖算什么！要是让我抓住你你就完蛋了！一次两次也就算了你特么的偷我四次，还偷我舍友三次，偷吃的要遭雷劈的！你以为没人抓得住你吗？有本事你就继续，咱们走着瞧！	4	8	2016-10-08 20:06    
0.0	0.151	0.075	0.075	0.0	0.0	0.05	0.0	0.05	0.0	0.0	0.0	0.0	0.0	0.0	0.0	0.0	0.0	0.034	0.0	0.0	0.0	0.0	0.0	0.0	0.0	0.0	0.0	0.0	0.0

坐标A栋，一接到电话马上从三楼下去外卖还是被偷了。循例祝福一下吃偷来的鸡排饭的女同学长胖二十斤，满脸痘痘，习惯性便秘，期末挂科，找到和你人品一样差的男同学，还没有性生活。	4	10	2016-10-30 18:53    
0.0	0.151	0.0	0.075	0.0	0.0	0.0	0.0	0.05	0.0	0.042	0.0	0.0	0.0	0.0	0.0	0.0	0.0	0.0	0.0	0.0	0.0	0.025	0.0	0.0	0.0	0.0	0.0	0.0	0.0

等爸爸考完研  专门抽一个月时间来捉偷外卖的[呵呵]	24	3	2016-10-27 17:50    
0.0	0.151	0.0	0.075	0.0	0.0	0.0	0.0	0.0	0.0	0.0	0.0	0.0	0.0	0.0	0.0	0.0	0.0	0.0	0.0	0.0	0.0	0.0	0.0	0.0	0.0	0.0	0.0	0.0	0.0

锁小黄车，偷外卖的能不能有一点素质呀，是不是被狗吃了？人模狗样的，人穷不可怕，说你是大学生都丢脸，做的时候难道没有一点点羞耻play?能为了几毛钱几块钱就出卖自己的尊严，你们的价值观真的不懂。	7	2	2016-10-27 19:37    
0.0	0.151	0.0	0.075	0.0	0.0	0.0	0.0	0.0	0.0	0.042	0.0	0.0	0.0	0.0	0.0	0.0	0.0	0.0	0.0	0.0	0.0	0.0	0.0	0.0	0.0	0.0	0.0	0.0	0.0

我想跟那个偷外卖的人说 最近是不是穷到连吃饭的钱都没有了？如果是，请告诉我，我施舍一碗饭给你[呵呵] 请不要在人家最饿的时候拿走人家的外卖。还有，你的素质掉了，请把它捡起来！	5	4	2016-10-26 13:01    
0.0	0.151	0.0	0.075	0.0	0.0	0.05	0.0	0.0	0.0	0.0	0.0	0.0	0.0	0.0	0.0	0.0	0.0	0.034	0.0	0.0	0.0	0.0	0.0	0.0	0.0	0.0	0.025	0.0	0.0

预定了一份外卖 外卖到后我就躲在不远处观察 手里拿着钢管！我在钓鱼等偷外卖的出来 要是被我抓到了 你看老子不往死里打！好在g栋没人偷 等了半小时我就拿走上去了 把这个方法安利给大家 让那些偷外卖的付出代价！拉到楼梯楼道里 往死里揍 把矿泉水瓶装半瓶水 打人只疼不伤人	9	9	2016-10-26 13:14    
0.0	0.151	0.0	0.075	0.0	0.0	0.0	0.0	0.0	0.042	0.0	0.0	0.0	0.0	0.0	0.0	0.0	0.0	0.0	0.0	0.0	0.0	0.0	0.0	0.0	0.0	0.0	0.0	0.0	0.0

A栋偷拿人家水果和外卖的人们，你们是没有爸妈教你不能偷别人东西吗，人家送水果的第一次接到广中医的单子放在楼下，不到一分钟就不见了，真是丢尽了我们广中医的脸；作为一个大学生，你没有爸妈教应该也有学过思想品德啊	5	3	2016-10-13 19:33    
0.0	0.151	0.075	0.075	0.0	0.0	0.0	0.0	0.05	0.0	0.0	0.0	0.0	0.0	0.0	0.0	0.0	0.0	0.0	0.0	0.0	0.025	0.025	0.0	0.0	0.0	0.0	0.0	0.0	0.0

