卧槽学校想干嘛，把路封成这个样子，本来上下课某条路就已经够挤了，这下更挤了，学校这是想让我们把一条路都挤满吗？！[微笑][微笑]为了防外卖封路这个办法还真特么是简单粗暴呢科科[微笑]	4	3	2016-10-13 21:21    
0.234	0.151	0.0	0.0	0.0	0.059	0.0	0.0	0.0	0.0	0.0	0.0	0.0	0.0	0.0	0.0	0.0	0.0	0.0	0.0	0.0	0.0	0.0	0.0	0.0	0.0	0.0	0.0	0.0	0.0

学校一商二商又不开，又把路封了，如果是因为外卖车太快，有没有想过学生为什么点外卖，你饭堂那么难吃还不许点外卖，为了限制外卖车太快，也给学生带来了极大的 不便哦，嫌弃[斜眼]	7	7	2016-10-13 19:46    
0.234	0.151	0.0	0.0	0.067	0.059	0.0	0.05	0.0	0.0	0.0	0.0	0.0	0.0	0.034	0.0	0.034	0.0	0.0	0.0	0.0	0.0	0.0	0.0	0.0	0.0	0.0	0.0	0.0	0.025

学校你想怎么滴，一商二商关了，二饭三楼关了，二饭小卖部又不开，你设个路口护栏还不让送外卖的进来！想饿死大伙吗？别说啥饭堂有饭，领导你来试试吃饭堂一个月啊！路口的护栏一道又一道，骑车去超市都要扛车进出！各种不方便，别逼大家去投诉，最近办公楼有投诉邮箱滴！	14	6	2016-10-29 12:51    
0.234	0.151	0.0	0.0	0.0	0.0	0.05	0.0	0.0	0.0	0.0	0.0	0.0	0.0	0.034	0.0	0.034	0.034	0.0	0.034	0.0	0.025	0.0	0.0	0.0	0.0	0.0	0.0	0.0	0.025

港真，路障开放时间这种如此智障的东西，真的不知道广中医怎么想的。拦外卖？只是让外卖扎堆吧！这种智障路障就是学校在提醒你要按时上课而已。与其有时间精力弄这些，不如把教学区坏了的路灯，宿舍猖狂的老鼠和漏水的墙弄好！说真，我想写信给省巡视和媒体了	21	16	2016-10-27 13:22    
0.234	0.151	0.075	0.0	0.0	0.0	0.0	0.0	0.0	0.0	0.0	0.0	0.0	0.0	0.0	0.0	0.0	0.0	0.0	0.0	0.0	0.0	0.0	0.0	0.0	0.0	0.0	0.0	0.0	0.0

学校的路障除了给学生新添麻烦根本没任何j8卵用。为什么，饭堂车辆进出，根本不可能拦住饭堂的路，那这样送外卖等依然可以进出，另外，C栋送水车辆不仅要给生活区送水，还要给办公楼送水。根本不可能完全拦住。路障除了给学生添加麻烦之外。我怀疑是某些领导新添建筑工程拿回扣？	6	6	2016-10-27 08:45    
0.234	0.151	0.0	0.0	0.067	0.059	0.0	0.0	0.0	0.042	0.0	0.0	0.0	0.0	0.034	0.0	0.0	0.034	0.0	0.0	0.0	0.025	0.0	0.0	0.0	0.0	0.0	0.0	0.0	0.0

谢谢学校为我们费尽心血。为了给学生提供放心健康的饭菜。把路封了，拒绝外面‘’不卫生‘’的外卖。让饭堂的外卖送上门。小的感激涕零，依旧点外面的外卖。未能为饭堂贡献绵薄之力，在此道歉。对不起。	6	5	2016-10-25 21:40    
0.234	0.151	0.0	0.0	0.067	0.059	0.0	0.05	0.0	0.0	0.0	0.0	0.0	0.0	0.034	0.0	0.0	0.0	0.0	0.0	0.0	0.0	0.0	0.0	0.0	0.0	0.0	0.0	0.0	0.0

