希望大家不要嫌我烦，好心人帮帮忙可以吗#昨晚我是9点半离开课室的，当时只有一个女生坐在教室最后。虽然10点半才回来找，不过那教室是10点就关门了，所以期间有同学在那里进出的话可以评论一下吗？，方便我在监控视频里面逐个排查，谢谢大家的支持	4	5	2016-10-22 18:02    
0.0	0.145	0.0	0.0	0.061	0.0	0.0	0.05	0.0	0.0	0.0	0.0	0.0	0.0	0.0	0.0	0.0	0.0	0.028	0.0	0.0	0.0	0.0	0.0	0.0	0.0	0.0	0.0	0.0	0.0

刚刚有个女生过来推销什么清洁剂 一口一个师姐一口一个师姐 各种语气很诚恳 嗯 但是我想说 看起来应该是我叫你师姐才对吧     其实我只想说 我希望每个销售的或者推销的 希望你们在跟别人滔滔不绝地做出诚恳推荐前 先检查一下自己的口气 我被熏得有点 懵	3	6	2016-10-20 20:02    
0.0	0.145	0.0	0.0	0.061	0.0	0.0	0.0	0.0	0.0	0.0	0.0	0.0	0.0	0.0	0.0	0.0	0.0	0.0	0.0	0.0	0.0	0.0	0.028	0.0	0.0	0.0	0.0	0.0	0.0

男生是不是认为，如果你爱我，就不会走。女生是不是认为，如果你爱我，就不会让我走。	9	6	2016-10-19 23:39    
0.0	0.145	0.128	0.0	0.0	0.0	0.0	0.0	0.0	0.0	0.0	0.0	0.0	0.0	0.033	0.028	0.0	0.0	0.0	0.0	0.0	0.0	0.0	0.0	0.0	0.0	0.0	0.0	0.0	0.0

真希望有個女生一直在我身邊天天說不停，不開心她會安靜聽，我不說她也不會追問，我說的就是你。	6	3	2016-10-19 20:38    
0.0	0.145	0.0	0.0	0.061	0.0	0.0	0.0	0.0	0.0	0.0	0.0	0.0	0.0	0.0	0.0	0.0	0.0	0.0	0.0	0.0	0.0	0.0	0.0	0.0	0.0	0.028	0.0	0.0	0.0

一起久了 男生越来越不爱 越来越觉得厌烦 越来越觉得女生不可理喻 由你怎么了变成你又怎么了  忘记生日 忘记纪念日 忘记约了我 忘记我说的重要事情 最傻不过当初 你本可以活得很开心 可是你非得学人谈恋爱	10	5	2016-10-12 22:30    
0.0	0.145	0.128	0.0	0.0	0.0	0.0	0.0	0.0	0.0	0.0	0.0	0.0	0.0	0.0	0.0	0.0	0.0	0.0	0.0	0.0	0.0	0.0	0.0	0.0	0.0	0.0	0.0	0.0	0.0

总说要求高，但是谁没有要求呢，工作沉浮太久，单身2年了，想认识一些女生。本人15届毕业，家在广州，身高175cm，63kg。不会游泳，性格外向活泼，属于情感细腻类型，对女生要求身高158以上，110kg以下。其他看感觉。有意者联系企鹅五零五六四四八八一	4	17	2016-10-10 10:35    
0.0	0.145	0.0	0.0	0.0	0.061	0.0	0.0	0.0	0.0	0.0	0.0	0.0	0.0	0.0	0.0	0.0	0.0	0.0	0.0	0.0	0.0	0.0	0.0	0.0	0.0	0.0	0.028	0.028	0.0

其实我也可以小女生的 ，也希望被保护 ， 太懂事的女生是不是不能吸引到男生？不太能聊的女生是不是都没有男朋友？二十多岁就该多读读书。说这么多都是因为寂寞了。[睡]	11	6	2016-10-08 23:17    
0.0	0.145	0.128	0.106	0.061	0.0	0.0	0.0	0.0	0.0	0.0	0.0	0.033	0.0	0.0	0.0	0.0	0.0	0.0	0.0	0.0	0.0	0.0	0.0	0.0	0.0	0.0	0.0	0.0	0.0

在自修室那边上完大号冲水冲不下去，就不会舀些水去弄干净的某些或某位女生，我真心想知道你的教养是怎么学的，大学生还这么没素质，真的是激动的我忍不住问候你全家。。。。[生病][生病][生病]	13	2	2016-10-07 14:31    
0.0	0.145	0.0	0.0	0.0	0.0	0.0	0.0	0.0	0.0	0.0	0.0	0.0	0.0	0.0	0.0	0.0	0.0	0.0	0.0	0.0	0.0	0.0	0.0	0.0	0.0	0.028	0.0	0.0	0.0

实在理解无能为什么有的女生和男朋友闹分手就找别的男生询问意见...而且...大家并没有很熟.....	3	5	2016-11-01 03:06    
0.0	0.145	0.128	0.106	0.0	0.0	0.061	0.0	0.0	0.0	0.0	0.0	0.0	0.0	0.0	0.0	0.0	0.0	0.0	0.0	0.0	0.0	0.0	0.0	0.0	0.0	0.0	0.0	0.0	0.0

男生，净高一米七，长得帅气。一米七的女生请点赞。	9	12	2016-10-27 20:52    
0.0	0.145	0.128	0.0	0.0	0.0	0.0	0.0	0.0	0.0	0.0	0.0	0.0	0.033	0.0	0.0	0.0	0.0	0.0	0.0	0.0	0.0	0.0	0.0	0.0	0.0	0.0	0.0	0.0	0.0

大家好，我是广药大四学生，今天下午5点贵校饭堂，遇到一位穿白色长袖上衣，黑色紧身裤子，皮肤很白，瘦，身高170左右的长发女生，脸很白很秀气，一下子心脏仿佛停止了跳动，之后她骑车走了，我犹豫了一下追了出去，从二饭追到贵校教学区终于追不上了，两条腿始终跑不过2个轮子。。期待下一次相遇	10	20	2016-10-25 20:34    
0.0	0.145	0.0	0.0	0.0	0.0	0.0	0.0	0.0	0.0	0.0	0.033	0.0	0.0	0.033	0.0	0.0	0.0	0.0	0.0	0.0	0.0	0.0	0.0	0.0	0.0	0.0	0.0	0.0	0.0

说实话，某些女生，你们知不知道图书馆不能吃东西的[难过] 而且还在一楼多媒体室吃味道很大的早餐[斜眼] 已经不是第一次遇到这种人，怒到狂拍桌[斜眼] 图书馆不能吃东西，你老师没教你吗[汗] 下次再碰到这种人直接爆照发I栋了 一大早就被这素质恶心到了	7	4	2016-10-24 09:05    
0.0	0.145	0.0	0.0	0.0	0.0	0.0	0.0	0.0	0.0	0.0	0.0	0.0	0.0	0.0	0.0	0.0	0.0	0.0	0.0	0.0	0.028	0.0	0.0	0.0	0.0	0.0	0.0	0.0	0.0

醋王，女，求治疗，我觉得没有女生像我这样容易吃醋了，男朋友可能也会觉得我闹，但是我也不想，真诚问，如何控制如何治疗。	7	13	2016-10-23 09:36    
0.0	0.145	0.0	0.106	0.0	0.0	0.0	0.0	0.0	0.0	0.039	0.0	0.0	0.0	0.0	0.0	0.0	0.0	0.0	0.0	0.0	0.0	0.028	0.0	0.0	0.0	0.0	0.0	0.0	0.0

某些男生真的最好能自制点 问有没有征女友的还是什么的 你都有女朋友了还来这边凑什么热闹[微笑] 之前那个女生说男票给什么求肩膀靠的点赞的 这个好男友是不是就在这些人里面[微笑] 尼玛你爱乱勾搭乱撩就别去浪费人家女生的青春年华和感情和眼泪好吗 祝姑娘们早日认清对方人品 早跟渣男分	18	2	2016-10-04 17:39    
0.0	0.145	0.128	0.0	0.0	0.0	0.0	0.0	0.0	0.039	0.039	0.0	0.0	0.033	0.0	0.0	0.0	0.028	0.0	0.0	0.0	0.0	0.0	0.0	0.0	0.0	0.0	0.0	0.0	0.0

想问问i栋大神，对于性欲比男友强的女生，会不会让男友压力很大？（ps：南票总是问我是不是他满足不了我，而事实是我只对他那样而已！）	3	18	2016-10-03 22:48    
0.0	0.145	0.0	0.0	0.0	0.0	0.0	0.0	0.0	0.0	0.039	0.0	0.0	0.0	0.0	0.0	0.0	0.0	0.0	0.0	0.0	0.0	0.0	0.0	0.0	0.0	0.0	0.0	0.0	0.0

毕业三年多，拼的累了，真的也该拍拖了，想问问有没也是毕业了的单身女生，有结婚想法的，大家看看合适不，点赞我私信你，这样，好过去相亲	13	9	2016-10-02 23:42    
0.0	0.145	0.0	0.0	0.0	0.0	0.0	0.0	0.0	0.0	0.0	0.0	0.0	0.033	0.0	0.0	0.0	0.0	0.0	0.0	0.0	0.0	0.0	0.0	0.0	0.0	0.0	0.0	0.028	0.0

d栋应该是4楼那群女生这么晚了你们还在说话大笑大声尖叫，不是放假就不用睡觉好吗，你们不想睡别人还想睡！麻痹被吓醒的感觉真不爽，尖叫到别人不知还以为被强奸了！	3	11	2016-10-02 01:07    
0.0	0.145	0.0	0.0	0.0	0.061	0.0	0.0	0.0	0.0	0.0	0.0	0.0	0.0	0.0	0.0	0.0	0.0	0.0	0.0	0.0	0.0	0.028	0.0	0.0	0.0	0.028	0.0	0.0	0.0

