动员大会，见到了暗恋四年的同班男生，他还是让我紧张，让我心动。没有正面碰见，只是假装瞥了一眼。其实，想跟他说，好久不见。我们不可能会有结果，却依旧忍不住偷偷地关注他，只是因为贪恋喜欢他的感觉。大学四年，不是没人追，却一直单身，因为最希望的，是他。或许毕业典礼的时候，我就能放下了吧	7	8	2016-10-20 19:26    
0.267	0.0	0.128	0.0	0.061	0.061	0.0	0.0	0.0	0.0	0.0	0.0	0.0	0.0	0.0	0.0	0.028	0.0	0.0	0.0	0.0	0.0	0.0	0.0	0.0	0.0	0.0	0.0	0.028	0.0

不知道从什么时候开始，很害怕有人喜欢我。经常会想不得到也就不会失去，于是跟异性朋友保持朋友关系，但是当他们靠近，我就会去躲避。我一直很自卑，认为配不上别人，我不够美好不值得。以前也一度节食暴食至今依然没有办法控制正常饮食。人前表现得很正常，但我总觉得自己遇事一直往阴暗面去想...	9	9	2016-10-19 23:18    
0.267	0.0	0.0	0.0	0.0	0.0	0.0	0.0	0.045	0.0	0.0	0.0	0.0	0.0	0.0	0.0	0.0	0.0	0.0	0.0	0.0	0.0	0.0	0.0	0.0	0.0	0.0	0.0	0.0	0.0

最爱的男生，爱了他七年，等了他七年，他今晚跟我说，我跟他永远不可能的了。请骂醒我。期间他有过两个女朋友。最近一年我发信息，他爱回不回，又说还喜欢我，我不能再傻下去了对吗？用了整整一个青春年少来喜欢他，哎，忽然很恨爱情。	3	24	2016-10-20 02:37    
0.267	0.0	0.128	0.0	0.0	0.0	0.0	0.0	0.0	0.039	0.0	0.0	0.0	0.0	0.0	0.028	0.0	0.0	0.0	0.0	0.0	0.0	0.0	0.0	0.0	0.0	0.0	0.0	0.0	0.0

今天在厕所撩我的那个师弟貌似有女票了，莫非是我想多了，好咯，我是单身狗我锅不过真心不喜欢上厕所被人盯着还评论几句，有什么好看的你又不是没有。。	3	7	2016-10-18 19:28    
0.267	0.0	0.0	0.0	0.0	0.0	0.0	0.05	0.0	0.0	0.0	0.0	0.0	0.0	0.0	0.0	0.0	0.0	0.0	0.0	0.0	0.0	0.0	0.0	0.0	0.0	0.0	0.0	0.028	0.0

偶得bingbang签名小kt版（图五），胸针（图四），和太阳镜子（图六）。。有喜欢的同学吗？小kt版5块（有欧巴的签名哦），胸针2块一个，太阳镜子5块，，有的评价吧。。vip们躁起来~~~	3	8	2016-10-18 17:58    
0.267	0.0	0.0	0.0	0.0	0.0	0.0	0.0	0.0	0.0	0.0	0.0	0.0	0.0	0.0	0.0	0.0	0.0	0.028	0.0	0.0	0.0	0.0	0.0	0.0	0.0	0.0	0.0	0.0	0.0

喜欢上一个师兄，可我毕业后会离开广州，他会留在一附院的样子，要不要表白	4	7	2016-10-19 00:41    
0.267	0.0	0.0	0.0	0.0	0.0	0.0	0.0	0.0	0.0	0.0	0.0	0.0	0.0	0.0	0.0	0.0	0.0	0.0	0.0	0.0	0.0	0.0	0.0	0.0	0.028	0.0	0.0	0.0	0.0

好想找个女朋友啊，可是身边又没有喜欢的人，也不知道怎么才能认识到喜欢的人	3	20	2016-10-18 17:50    
0.267	0.0	0.0	0.0	0.0	0.0	0.0	0.0	0.0	0.039	0.0	0.0	0.0	0.0	0.0	0.0	0.0	0.0	0.0	0.0	0.0	0.0	0.0	0.0	0.0	0.0	0.0	0.0	0.0	0.0

天蝎男的确很吸引人，但不敢靠近他，太难懂，藏得太深，不轻易表露自己，除非他很喜欢你，不然都是伤害，因为他很冷。	5	14	2016-10-17 01:26    
0.267	0.0	0.0	0.0	0.0	0.0	0.0	0.0	0.0	0.0	0.0	0.0	0.033	0.0	0.0	0.0	0.0	0.0	0.0	0.028	0.0	0.0	0.0	0.0	0.0	0.0	0.0	0.0	0.0	0.0

是不是学针灸推拿的帅哥特别多，I栋好多都在向针三或推协的师兄表白，虽然我喜欢的师兄也在针三(￣∇￣)	4	10	2016-10-16 01:22    
0.267	0.0	0.0	0.0	0.0	0.0	0.0	0.0	0.0	0.0	0.0	0.0	0.0	0.0	0.0	0.0	0.0	0.0	0.0	0.0	0.028	0.028	0.0	0.0	0.0	0.028	0.0	0.0	0.0	0.0

分手了有什么方法放下 一到晚上一个人就很痛苦很难受 我真的很喜欢他	5	13	2016-10-15 19:49    
0.267	0.0	0.0	0.0	0.0	0.0	0.061	0.0	0.0	0.0	0.0	0.0	0.0	0.0	0.0	0.0	0.0	0.0	0.0	0.0	0.0	0.0	0.0	0.0	0.0	0.0	0.0	0.0	0.0	0.0

作为一个肥妹，还喜欢吃真忧伤	3	6	2016-10-16 09:39    
0.267	0.0	0.0	0.0	0.0	0.0	0.0	0.0	0.0	0.0	0.0	0.0	0.0	0.0	0.0	0.0	0.0	0.0	0.0	0.0	0.0	0.0	0.0	0.0	0.0	0.0	0.028	0.0	0.0	0.0

为了防止异性互访推销人员上楼，封楼梯，然后最多人上电梯的时间段保安不在座位上，那么恕我直言了反正你都看不到有没有异性上楼你封住楼梯干什么。再者，为了防止现象你就封楼梯，你不会多巡逻几圈？你就喜欢坐在座位上看别人挤电梯，爬楼梯然后绕一圈回宿舍？心疼二楼的宿舍近在咫尺可是路在远方。	25	7	2016-10-13 19:26    
0.267	0.0	0.0	0.0	0.0	0.0	0.0	0.0	0.0	0.0	0.0	0.0	0.0	0.0	0.0	0.0	0.0	0.0	0.0	0.0	0.0	0.0	0.0	0.0	0.0	0.0	0.0	0.0	0.0	0.028

有那么一两个心仪的男生，只要他们一撩我我就感觉我喜欢他，不撩后等我心态平静下来，他一撩我又各种幻想，我是不是有病？有木有同病相怜的，给我条出路吧，别问我喜不喜欢人家，我也不造！	9	5	2016-10-09 22:56    
0.267	0.0	0.128	0.0	0.0	0.061	0.0	0.0	0.0	0.0	0.0	0.0	0.0	0.0	0.0	0.0	0.0	0.0	0.0	0.0	0.0	0.0	0.0	0.0	0.0	0.0	0.0	0.0	0.0	0.0

我家超市卖冰沙的女孩儿，穿灰色衣服的，感觉很喜欢你，几乎每天都会买冰沙。希望你能看到，点赞或者评论。很想认识你。	3	10	2016-10-09 21:51    
0.267	0.0	0.0	0.0	0.061	0.061	0.0	0.05	0.0	0.0	0.0	0.033	0.0	0.033	0.0	0.0	0.0	0.0	0.0	0.0	0.0	0.0	0.0	0.0	0.0	0.0	0.0	0.0	0.0	0.0

身高170以上的妹子，想知道会喜欢比自己低一点的男生吗……就一点点	6	19	2016-10-09 00:30    
0.267	0.0	0.128	0.0	0.0	0.0	0.0	0.0	0.0	0.0	0.0	0.0	0.0	0.0	0.0	0.0	0.0	0.0	0.0	0.0	0.0	0.0	0.0	0.0	0.0	0.0	0.0	0.0	0.0	0.0

我知道广中医还是有很多优秀的单身男士的    喜欢有目标积极奋斗的男生，并不是说外貌如何  想认识一下并且我也是这样的人，如果相互吸引了可能会有故事  以对方变得更好为一切的单纯式的爱情或友情  单身优秀男青年们评论点赞吧我会私聊的	20	13	2016-10-08 12:19    
0.267	0.0	0.128	0.0	0.0	0.0	0.0	0.05	0.0	0.0	0.0	0.0	0.0	0.033	0.0	0.0	0.0	0.0	0.0	0.0	0.0	0.0	0.0	0.0	0.0	0.0	0.0	0.0	0.028	0.0

有男盆友的妹纸们，你们会不会有男朋友不太愿意付钱的情况？我也不是每次都要他出钱的，我只是有点纠结于他有时的“不情愿”……是不是我不应该这样想呢？我甚至觉得他不够喜欢我，因为看过别人说真正喜欢一个人是心甘情愿为ta花钱的，所以我就经常会给他挑礼物，可是他貌似不喜欢送礼物，唉……	4	12	2016-10-07 16:47    
0.267	0.0	0.0	0.106	0.0	0.0	0.0	0.0	0.0	0.0	0.0	0.0	0.0	0.0	0.0	0.0	0.0	0.0	0.0	0.0	0.0	0.0	0.0	0.0	0.0	0.0	0.0	0.0	0.0	0.0

自修室那个，就是那个～我先想一下怎么形容先。  对！就是在自修室学习时扎马尾，然后不学习就把头发放下来的那位同学，发型中分吧，带一个圆眼镜。就是看起来既美丽又可爱那个。好喜欢这种类型的女孩。感觉她好勤奋，希望她能考上心中理想的学府吧。(也祝在自修室复习考研党们都能圆梦)	16	5	2016-10-07 13:27    
0.267	0.0	0.0	0.0	0.061	0.061	0.0	0.0	0.0	0.0	0.0	0.0	0.0	0.0	0.0	0.0	0.0	0.0	0.028	0.0	0.0	0.0	0.0	0.0	0.0	0.0	0.0	0.0	0.0	0.0

喜欢心情好的时候穿汉服上学	10	3	2016-11-01 17:42    
0.267	0.0	0.0	0.0	0.0	0.0	0.0	0.0	0.0	0.0	0.0	0.033	0.0	0.0	0.0	0.0	0.0	0.0	0.0	0.0	0.0	0.0	0.0	0.0	0.0	0.0	0.0	0.0	0.0	0.0

喂，我为什么最近总是梦见你。我有男朋友了啊，请你别出现在我的梦里了好吗？你不能和我在一起就不能让我好好过吗？我男朋友对我很好，我也很喜欢他。你只是一个无关人物而已，请你离开我的梦好吗！	4	13	2016-11-01 13:55    
0.267	0.0	0.0	0.106	0.0	0.0	0.0	0.0	0.0	0.0	0.0	0.0	0.0	0.0	0.0	0.0	0.0	0.0	0.0	0.0	0.0	0.0	0.0	0.0	0.0	0.0	0.0	0.0	0.0	0.0

昨天看I栋才知道这本书是我们学校师兄写的，之前还知道。两个月前看了，写得实在太好了，思考非常深入，解读的时候却用极其简单的方式，尤其喜欢上面的思考图，简直太牛了，果然是大广中医出来的人才!!!	9	2	2016-10-31 20:44    
0.267	0.0	0.0	0.0	0.0	0.0	0.0	0.0	0.0	0.0	0.0	0.0	0.0	0.0	0.0	0.0	0.0	0.0	0.0	0.0	0.0	0.028	0.0	0.028	0.0	0.0	0.0	0.0	0.0	0.0

18年的少女心初次萌动！！今天下午6点左右在我家超市前，接受了一个灰色外套黑色t的少女的扫码，戴着半黑框眼镜大概一米八白色纯色上衣的瘦瘦白净小哥，我给你填的名字是汤英俊，我还问你喜欢柳岩吗！！我宣你啊！！我忘了向你要微信啊！你有女票吗？有也没关系啊！我想和你做朋友啊！你好可爱啊！	3	3	2016-10-30 19:57    
0.267	0.0	0.0	0.0	0.0	0.0	0.0	0.0	0.045	0.0	0.039	0.0	0.0	0.0	0.0	0.0	0.0	0.0	0.0	0.0	0.0	0.0	0.0	0.028	0.0	0.0	0.0	0.028	0.0	0.0

一个人去看医生的时候总觉得很想身边有个男生陪伴和安慰自己 哎 自问自己条件也不差，有身高有外貌性格也可以，却一直没找到自己喜欢的值得依靠的男生[大哭]伤心[心碎]	6	19	2016-10-30 00:41    
0.267	0.0	0.128	0.0	0.0	0.0	0.0	0.0	0.0	0.0	0.0	0.0	0.0	0.0	0.0	0.0	0.0	0.0	0.0	0.0	0.0	0.0	0.0	0.0	0.0	0.0	0.0	0.0	0.0	0.0

也许撩个你不喜欢的汉子会显得很矜持哦 因为 当你遇到超级无敌喜欢的汉子的时候根本没办法淡定了好吗！所以刘某某我喜欢你 很喜欢你٩(๛ ˘ ³˘)۶ 春风十里 不如睡你哼 但我就是不说 我等你说 你不再表白 我就去韩国整容	6	5	2016-10-29 16:16    
0.267	0.0	0.0	0.0	0.0	0.0	0.0	0.0	0.0	0.0	0.0	0.0	0.0	0.0	0.0	0.0	0.0	0.0	0.0	0.0	0.0	0.0	0.0	0.0	0.0	0.028	0.0	0.0	0.0	0.0

有人明天早上想跑外环吗？想约一个人一起跑，本人女，速度可以接受7分30秒一公里，有一直坚持跑内环，以前没跑过外环，想约一个最好是跑过外环并一直有坚持跑步的人，希望多认识一些喜欢跑步的人。男女均可，喜欢跑步就约起来吧。	6	27	2016-10-28 19:28    
0.267	0.0	0.0	0.0	0.061	0.0	0.0	0.0	0.0	0.0	0.0	0.0	0.0	0.0	0.0	0.0	0.0	0.0	0.0	0.0	0.0	0.0	0.0	0.0	0.0	0.0	0.0	0.0	0.0	0.0

非常不喜欢这种人！明明就不是很熟，聊天就问别人为什么和前任分手！我说这件事一两句说不清，然后你问我是不是谈恋爱不严谨？，还问我是不是在这段感情用中伤害了别人？我想说你这样子评价别人真的好吗？？！	3	2	2016-10-27 20:36    
0.267	0.0	0.0	0.0	0.0	0.0	0.061	0.0	0.0	0.0	0.039	0.0	0.0	0.0	0.0	0.0	0.0	0.028	0.0	0.0	0.0	0.0	0.0	0.0	0.0	0.0	0.0	0.0	0.0	0.0

今天有点生病 于是就想起他了 虽然分手了 但其实依然很喜欢他的 这时候真的很无助 总是想 我现在一个人要是他在陪我多好啊 很作死但是很难忘	3	6	2016-10-26 18:38    
0.267	0.0	0.0	0.0	0.0	0.0	0.061	0.0	0.0	0.0	0.0	0.0	0.0	0.0	0.0	0.0	0.0	0.0	0.0	0.0	0.0	0.0	0.0	0.0	0.0	0.0	0.0	0.0	0.0	0.0

[泪]真的好想在大学谈一场恋爱，但是真心觉得没什么人会喜欢我[泪]大二了，感觉每一天的时间都过得好快，有时候觉得真难过。一个人宿舍的路上突然就觉得很难过[失望]特别是当看到班上的同学都成双成对的时候[爱你]希望被温柔以待，也希望有一天能够有一个人能让我温柔相待。	13	16	2016-10-24 23:06    
0.267	0.0	0.0	0.0	0.061	0.061	0.0	0.0	0.0	0.0	0.0	0.0	0.0	0.0	0.0	0.028	0.028	0.0	0.028	0.0	0.028	0.0	0.0	0.0	0.0	0.0	0.028	0.0	0.0	0.028

喜欢了两年的你，因为有了女朋友删了我半年后分手了又把我加回来。每次忽冷忽热爱理不理真狼狈。别说什么备胎不备胎的，就是打发时间的工具，现在可能又有新的女朋友了吧。最近真的有很强烈的直接删掉你一了了之的冲动。变了，真的变了。	3	11	2016-10-25 00:22    
0.267	0.0	0.0	0.0	0.0	0.0	0.061	0.0	0.0	0.039	0.0	0.0	0.0	0.0	0.0	0.0	0.0	0.0	0.0	0.0	0.0	0.0	0.0	0.0	0.0	0.0	0.028	0.0	0.0	0.0

前几天有男生说喜欢同性。今天看了眼空间，觉得喜欢上同性的话真的挺难交代的。喜欢同性并非可耻也不是值得骄傲的事，这并非潮流。平等看待，喜欢的情感不分高低贵贱。所以不反对不鼓励。总的来说LGBTQ的道路仍然漫长，保护自己的安全要紧。	10	7	2016-10-24 22:50    
0.267	0.0	0.128	0.0	0.0	0.0	0.0	0.0	0.0	0.0	0.0	0.0	0.0	0.0	0.0	0.0	0.0	0.0	0.0	0.0	0.0	0.0	0.0	0.028	0.0	0.0	0.0	0.0	0.0	0.0

真的很想找个男朋友来每天陪我聊天，跟他吐槽一些生活琐碎，跟他一起走下路，跟他一起去做喜欢的事情，可是为什么找不到呢，是因为我丑吗[悲伤]	6	19	2016-10-24 00:24    
0.267	0.0	0.0	0.106	0.0	0.0	0.0	0.0	0.0	0.0	0.0	0.0	0.0	0.0	0.0	0.0	0.0	0.0	0.0	0.0	0.0	0.0	0.0	0.0	0.0	0.0	0.0	0.0	0.0	0.0

刚才吃饭，我一直不敢正视你，你和我说要为父母着想，不能太自私，还说要介绍女朋友给我。人生难得一好哥们，可偏偏却喜欢上你，是我对不起你，可你既然不喜欢我，为何又要对我这么好，你知道我这样很难受吗？不管怎样，我会一直对你好，不离不弃回来的路上我哭了，抱着你哭了，可你却没有推开我	18	33	2016-10-23 20:31    
0.267	0.0	0.0	0.0	0.0	0.0	0.0	0.0	0.0	0.039	0.0	0.0	0.033	0.0	0.0	0.0	0.0	0.0	0.0	0.0	0.0	0.0	0.0	0.0	0.0	0.0	0.0	0.0	0.0	0.0

想找男朋友~po女~认真脸。不是那种为了凑合而一起的那种~感觉上了大学反而会更加难喜欢上一个男生？	8	27	2016-10-23 20:09    
0.267	0.0	0.128	0.106	0.0	0.061	0.0	0.0	0.0	0.0	0.0	0.0	0.0	0.0	0.0	0.0	0.028	0.0	0.0	0.0	0.0	0.0	0.0	0.0	0.0	0.0	0.0	0.0	0.0	0.0

特别喜欢和男朋友接吻，这正常吗	6	8	2016-10-23 19:42    
0.267	0.0	0.0	0.106	0.0	0.0	0.0	0.0	0.0	0.0	0.0	0.0	0.0	0.0	0.0	0.0	0.0	0.0	0.0	0.0	0.028	0.0	0.0	0.0	0.0	0.0	0.0	0.0	0.0	0.0

几月前，我喜欢一个女孩，她说要给我机会，每次晚上和她聊天，11点这样，她经常说要睡了，然后就结束聊天；后来才发现，她有男朋友，至少现在有男朋友。现在有个女孩周末经常和我聊到凌晨两点，她和我说有个男的经常找她聊天，但她说要睡了...这，好像是角色互换，但我不会让这样的事情再次发生。	4	6	2016-10-06 01:37    
0.267	0.0	0.0	0.106	0.0	0.0	0.0	0.0	0.0	0.0	0.0	0.0	0.0	0.0	0.0	0.0	0.0	0.0	0.0	0.028	0.0	0.0	0.0	0.028	0.0	0.0	0.0	0.0	0.0	0.0

默默问一句，有人喜欢满汉歌手吗	7	8	2016-10-06 22:21    
0.267	0.0	0.0	0.0	0.0	0.0	0.0	0.0	0.0	0.0	0.039	0.0	0.0	0.0	0.0	0.0	0.0	0.0	0.0	0.0	0.0	0.0	0.0	0.0	0.0	0.0	0.0	0.0	0.0	0.0

如果你不想跟别人以后凑活 如果你喜欢我 你就告白吧 不要再试探我了 你不说出口 我们永远只会是朋友 我只是希望你比我勇敢 如果你不开口 那我什么也不会说	11	14	2016-10-06 17:38    
0.267	0.0	0.0	0.0	0.061	0.0	0.0	0.0	0.045	0.0	0.0	0.0	0.0	0.0	0.0	0.0	0.0	0.0	0.0	0.0	0.0	0.0	0.028	0.0	0.0	0.0	0.0	0.0	0.0	0.0

在宿舍宅了5天，下午想去中心湖散散步，有同学养小猫小狗（大型犬也可以）的吗？可不可以借出来溜溜，保证不弄丢，或者我们一起，真的很喜欢小动物	11	15	2016-10-06 12:39    
0.267	0.0	0.0	0.0	0.0	0.0	0.0	0.0	0.0	0.0	0.0	0.0	0.0	0.0	0.0	0.0	0.0	0.0	0.028	0.0	0.0	0.0	0.0	0.0	0.0	0.0	0.0	0.0	0.0	0.028

对于喜欢的人，会很在意，哪怕是他对别人一点点的好，我也会警惕会嫉妒，无论是朋友还是家人。如果有一个人他对别人像对我一样的好，我也会慢慢的疏远他，这是不是一种病态心理？	4	2	2016-10-05 02:40    
0.267	0.0	0.0	0.0	0.0	0.0	0.0	0.0	0.045	0.0	0.0	0.0	0.0	0.0	0.0	0.0	0.0	0.0	0.0	0.0	0.0	0.0	0.0	0.0	0.0	0.0	0.0	0.0	0.0	0.0

宿舍舍友晚上特别喜欢在宿舍吸烟，最近咽喉炎又犯了，特别反感烟味，觉得自己智慧不够用了，怎么跟他说好？	3	10	2016-10-03 22:17    
0.267	0.0	0.0	0.0	0.0	0.0	0.0	0.0	0.0	0.0	0.0	0.0	0.0	0.0	0.0	0.0	0.0	0.0	0.0	0.0	0.028	0.0	0.0	0.0	0.0	0.0	0.0	0.0	0.0	0.028

嘻嘻，喜欢孙佳苗同学~	3	4	2016-10-03 13:07    
0.267	0.0	0.0	0.0	0.0	0.0	0.0	0.0	0.0	0.0	0.0	0.0	0.0	0.0	0.0	0.0	0.0	0.0	0.028	0.0	0.0	0.0	0.0	0.0	0.0	0.0	0.0	0.0	0.0	0.0

买了一盒网红麦片，但吃了一块儿才发现自己不喜欢这种味道，有没有小伙伴可以收了它？价格好商量，有意的点赞或评论	3	4	2016-10-02 10:55    
0.267	0.0	0.0	0.0	0.0	0.0	0.0	0.05	0.0	0.0	0.0	0.0	0.0	0.033	0.0	0.0	0.0	0.0	0.0	0.0	0.0	0.0	0.0	0.0	0.0	0.0	0.0	0.0	0.0	0.0

一次吵架 我冲动对她说你这种性格 谁都受不了 之后她异常平静 无论她做什么 都不会让我帮忙 即使是搬东西 我问她 她说你忙 我不打扰你 我知道她还介意之前我说的那句话 后来她又说 我喜欢 但我不能不要脸 是要分手了吗	3	23	2016-10-02 12:50    
0.267	0.0	0.0	0.0	0.0	0.0	0.061	0.0	0.0	0.0	0.039	0.0	0.0	0.0	0.0	0.0	0.0	0.0	0.0	0.0	0.0	0.0	0.0	0.0	0.0	0.0	0.0	0.0	0.0	0.0

