异地恋，本来说好这周末过来这边，可是突然他没钱，不来了。所以我应该是去找他吗，还是分手	3	25	2016-10-22 12:53    
0.0	0.0	0.0	0.0	0.0	0.0	0.061	0.0	0.0	0.0	0.0	0.0	0.0	0.0	0.0	0.0	0.0	0.0	0.0	0.0	0.0	0.0	0.0	0.0	0.028	0.0	0.0	0.0	0.0	0.0

男的问女的有没有男朋友，女的说有男朋友了，男的回复[泪][泪][泪]请问是我想多了吗？[呵呵]	3	7	2016-10-22 16:24    
0.0	0.0	0.0	0.106	0.0	0.0	0.0	0.0	0.0	0.0	0.0	0.0	0.0	0.0	0.0	0.0	0.0	0.0	0.0	0.028	0.0	0.0	0.0	0.0	0.0	0.0	0.0	0.0	0.0	0.0

男朋友五分钟，真的是正常的吗？他给我说一般人都两三分钟，感觉要被洗脑了 ，难道是我欲求不满？	5	23	2016-10-19 19:23    
0.0	0.0	0.0	0.106	0.0	0.061	0.0	0.0	0.0	0.0	0.0	0.0	0.0	0.0	0.0	0.0	0.0	0.0	0.0	0.0	0.0	0.0	0.0	0.0	0.0	0.0	0.0	0.0	0.0	0.0

被男朋友惊到了！平常没有特别的事情都不会秀恩爱，偏向低调，刚开始的时候还抱怨过说朋友圈没有发我的照片，后来发现也会发，但很少发，时间长了就没有纠结这点了。可是！就在刚刚，打开他的相册，封面就是我的照片！完全惊到了！好开心hhhhhh，表白lzl。求赞求祝福◉‿◉	63	12	2016-10-18 16:21    
0.0	0.0	0.0	0.106	0.0	0.0	0.0	0.0	0.0	0.0	0.0	0.0	0.0	0.0	0.0	0.0	0.0	0.0	0.0	0.0	0.028	0.0	0.0	0.0	0.0	0.028	0.0	0.0	0.0	0.0

异地恋男朋友 他快要20岁生日了 我们认识了9年多快十年了 想要送份特别的有意义有心思的礼物 求大神指导[微笑][微笑]	6	10	2016-10-17 23:25    
0.0	0.0	0.0	0.106	0.0	0.0	0.0	0.0	0.0	0.0	0.0	0.0	0.0	0.0	0.0	0.0	0.0	0.0	0.0	0.0	0.028	0.0	0.0	0.0	0.028	0.0	0.0	0.028	0.0	0.0

好想好想我的异地男友，却越来越感觉到分别就快到来，分分合合的两年，大学再来个异地恋，还能走下去吗？[泪]在路上总是各种被虐，我明明有男朋友却被喂饱了狗粮。每天再充实，再忙碌，也会在夜里流泪失眠想念，他却不懂我的忧伤。	15	13	2016-10-16 00:55    
0.0	0.0	0.0	0.106	0.0	0.061	0.0	0.0	0.0	0.0	0.0	0.0	0.0	0.0	0.033	0.0	0.028	0.0	0.0	0.0	0.0	0.0	0.0	0.0	0.028	0.0	0.0	0.0	0.0	0.0

为了男朋友，即将辞掉工作结束异地，希望我不会后悔，希望我们以后日子阳光明媚，比心[爱心]️	37	14	2016-10-09 18:28    
0.0	0.0	0.0	0.106	0.061	0.0	0.0	0.0	0.0	0.0	0.0	0.0	0.0	0.0	0.0	0.0	0.0	0.0	0.0	0.0	0.0	0.0	0.0	0.0	0.028	0.0	0.0	0.0	0.0	0.0

跟男朋友异地恋 相距443公里 我超级无敌地想念他 天气冷了 更加缺爱了 好想他就在身边怎么办[大哭][大哭][大哭]	6	16	2016-10-09 16:56    
0.0	0.0	0.0	0.106	0.0	0.0	0.0	0.0	0.0	0.0	0.0	0.0	0.0	0.0	0.0	0.0	0.0	0.0	0.0	0.0	0.0	0.0	0.0	0.0	0.028	0.0	0.0	0.0	0.0	0.0

想要有个男朋友，温柔体贴，天天腻在一块，一起学习一起玩耍，偶尔来个强吻来个惊喜，爱的长长久久	15	22	2016-10-07 14:40    
0.0	0.0	0.0	0.106	0.0	0.0	0.0	0.0	0.0	0.0	0.0	0.0	0.0	0.0	0.0	0.028	0.0	0.0	0.0	0.0	0.0	0.0	0.0	0.0	0.0	0.0	0.0	0.0	0.0	0.0

一年了，可惜我们分手了，那时觉得幼稚的行为想来是太爱了，不打算开始下一段感情，不知道是放不下还是害怕，记得你说过我们不能再做朋友，你在北京过得好吗，习惯吗，想你了（致初恋	8	5	2016-10-07 13:15    
0.0	0.0	0.0	0.0	0.0	0.0	0.061	0.0	0.045	0.0	0.0	0.0	0.033	0.0	0.0	0.028	0.0	0.028	0.0	0.0	0.0	0.0	0.0	0.0	0.0	0.0	0.0	0.0	0.0	0.0

真心找个女朋友想谈一场长长久久的恋爱，有意的评论，我私聊你。[脸红][脸红]	3	15	2016-10-31 19:50    
0.0	0.0	0.0	0.0	0.0	0.0	0.0	0.05	0.0	0.039	0.0	0.0	0.0	0.0	0.0	0.0	0.0	0.0	0.0	0.0	0.0	0.0	0.0	0.0	0.0	0.0	0.0	0.0	0.0	0.0

谈了几次恋爱，都遇到渣男，有各种不上心，还有劈腿的。怎么道歉我头也不回就走了。现在每个前男友都变成各种别人家的好男朋友，亲手做礼物，各种浪漫。难道我是史上最强男友培训员？有没有人有同样的经历？	8	29	2016-10-31 20:04    
0.0	0.0	0.0	0.106	0.0	0.0	0.0	0.0	0.0	0.0	0.0	0.0	0.0	0.0	0.033	0.0	0.0	0.0	0.0	0.028	0.0	0.0	0.0	0.0	0.0	0.0	0.0	0.0	0.0	0.0

昨晚莫名的想起其中一个前任，曾经渣男，分手，他挽留说会改，我没答应。现在他对现任各种好，那都是曾经答应我的[泪][泪]。而我遇到还是各种渣男，我后悔没答应他，怎么破？人家有现任了	4	19	2016-11-01 10:33    
0.0	0.0	0.0	0.0	0.0	0.0	0.061	0.0	0.0	0.0	0.0	0.0	0.0	0.0	0.0	0.0	0.0	0.0	0.0	0.028	0.0	0.0	0.0	0.0	0.0	0.0	0.0	0.0	0.0	0.0

失恋感觉没了整个世界，没有了男朋友，也就是没有了最好的朋友，唉。	5	11	2016-10-26 19:19    
0.0	0.0	0.0	0.106	0.0	0.061	0.0	0.0	0.045	0.0	0.0	0.0	0.0	0.0	0.0	0.0	0.0	0.0	0.0	0.0	0.0	0.0	0.0	0.0	0.0	0.0	0.0	0.0	0.0	0.0

大家相信一对拍拖快6年的情侣会为了2300元分手吗？事实确实如此。还有十几天没满6年。2300元对于工作者来说不多，对学生来说就一个多月生活费，唉，世事如此艰难。真的长大了就变得现实吗？如果给你，你愿意用2300元换回一段感情吗？	5	29	2016-10-26 00:48    
0.0	0.0	0.0	0.0	0.0	0.0	0.061	0.0	0.0	0.0	0.0	0.0	0.0	0.0	0.0	0.0	0.0	0.028	0.0	0.0	0.0	0.0	0.0	0.0	0.0	0.0	0.0	0.028	0.0	0.0

老是找男朋友要资源看 真是臭味相投[摊手] 我就问这样的情侣还有谁[眼泪]	6	5	2016-10-24 22:08    
0.0	0.0	0.0	0.106	0.0	0.0	0.0	0.0	0.0	0.0	0.039	0.0	0.0	0.0	0.0	0.0	0.0	0.0	0.0	0.0	0.0	0.0	0.0	0.0	0.0	0.0	0.0	0.0	0.0	0.0

分手的情侣，只要是曾经爱过，日后无论是不是朋友，怀着祝福的心态是最好的心态。无论你此时多恨ta，若干年以后，还是会转为祝福。	15	4	2016-10-24 23:03    
0.0	0.0	0.0	0.0	0.0	0.0	0.061	0.0	0.045	0.0	0.0	0.0	0.0	0.0	0.0	0.0	0.0	0.0	0.0	0.0	0.0	0.0	0.0	0.0	0.0	0.0	0.0	0.0	0.0	0.0

和男朋友稀里糊涂就在一起了，觉得他欠我一个表白[熊猫]	3	10	2016-10-23 19:17    
0.0	0.0	0.0	0.106	0.0	0.0	0.0	0.0	0.0	0.0	0.0	0.0	0.0	0.0	0.0	0.0	0.0	0.0	0.0	0.0	0.0	0.0	0.0	0.0	0.0	0.028	0.0	0.0	0.0	0.0

看上一个好哥们，篮球校队的，长得帅，身材好，平时对我很好，貌似还没女朋友，我应不应该想他表白呢，虽然我也是男的，怕是兄弟都没得做，天啦噜，我什么时候变得这么坏了。。	8	22	2016-10-23 14:59    
0.0	0.0	0.0	0.0	0.0	0.0	0.0	0.0	0.0	0.039	0.0	0.0	0.0	0.0	0.0	0.0	0.0	0.0	0.0	0.028	0.0	0.0	0.0	0.0	0.0	0.028	0.0	0.0	0.0	0.0

还是不舍得删掉收藏列表中他的歌声，不想删掉手机里他的证件照，可是啊，我问他真的么，“被追了”，所以呢，接受了，嗯，随便吧，以后不会再去跟他say hi了，至少在他们分手之前。晚安，我不爱他	6	2	2016-10-23 00:43    
0.0	0.0	0.0	0.0	0.0	0.0	0.061	0.0	0.0	0.0	0.039	0.0	0.0	0.0	0.0	0.028	0.0	0.0	0.0	0.0	0.0	0.0	0.028	0.0	0.0	0.0	0.0	0.0	0.0	0.0

男朋友总是叫我去见家长，但是我想毕业后工作稳定再说，他也能理解，但是还是感觉他失落，自己是不是太自私了？可是真的不想那么快见家长，在一起5年了，但是感觉不到时间。。。	6	10	2016-10-06 08:01    
0.0	0.0	0.0	0.106	0.0	0.061	0.0	0.0	0.0	0.0	0.0	0.0	0.033	0.0	0.0	0.0	0.0	0.0	0.0	0.0	0.0	0.0	0.028	0.0	0.0	0.0	0.0	0.028	0.0	0.0

一直相爱着，却因为某个原因确实没有办法继续一起走下去了，最后和平分手当朋友，然而我在每一次见面告别后都是哭着回家的，该怎么办才能让自己好过一点。。	3	14	2016-10-05 17:09    
0.0	0.0	0.0	0.0	0.0	0.0	0.061	0.0	0.045	0.0	0.0	0.0	0.0	0.0	0.033	0.0	0.0	0.0	0.0	0.0	0.0	0.0	0.0	0.0	0.0	0.0	0.0	0.0	0.0	0.0

悔恨当初同你分手，如果可以，我希望能和你像以前那样一遍遍地逛中心湖。可是没有如果	11	3	2016-10-04 14:30    
0.0	0.0	0.0	0.0	0.061	0.0	0.061	0.0	0.0	0.0	0.0	0.0	0.0	0.0	0.0	0.0	0.0	0.0	0.0	0.0	0.0	0.0	0.0	0.0	0.0	0.0	0.0	0.0	0.0	0.0

