那个女的爱上一个有女朋友的男生，挺可怜的。	3	5	2016-10-22 19:29    
0.0	0.0	0.128	0.0	0.0	0.0	0.0	0.0	0.0	0.039	0.0	0.0	0.0	0.0	0.0	0.028	0.0	0.0	0.0	0.0	0.0	0.0	0.0	0.0	0.0	0.0	0.0	0.0	0.0	0.0

今天在学活一楼那个带黑眼镜，穿蓝色衣服的男生。求微信号,舍友看上他了却一直不敢做什么，我们决定要以各种方式给她惊喜（>＿<）	3	2	2016-10-21 22:19    
0.0	0.0	0.128	0.0	0.0	0.0	0.0	0.0	0.0	0.0	0.0	0.033	0.0	0.0	0.0	0.0	0.0	0.0	0.0	0.0	0.0	0.0	0.0	0.0	0.0	0.0	0.0	0.0	0.0	0.0

昨天下午天在学活一楼那个带黑眼镜，穿蓝色衣服的男生。求微信号,我们我们打听到他是体院，舍友看上他了却一直不敢做什么，我们决定要以各种方式给她惊喜（>＿<）没办法，二院汉子太少了	3	3	2016-10-22 11:20    
0.0	0.0	0.128	0.0	0.0	0.0	0.0	0.0	0.0	0.0	0.0	0.033	0.0	0.0	0.0	0.0	0.0	0.0	0.0	0.0	0.0	0.0	0.0	0.0	0.0	0.0	0.0	0.0	0.0	0.0

一个人坐十几个钟头的火车回广州，长夜漫漫，想找个陌生的男生说说话，点赞或评论，我会挑颜好的私信。	4	9	2016-10-20 18:58    
0.0	0.0	0.128	0.0	0.0	0.0	0.0	0.05	0.0	0.0	0.0	0.0	0.0	0.033	0.0	0.0	0.0	0.0	0.0	0.0	0.0	0.0	0.0	0.0	0.0	0.0	0.0	0.0	0.0	0.0

啊啊啊啊啊刚刚A栋楼下那个被男生抱着的小白猫太可爱啦~！	5	3	2016-10-19 17:57    
0.0	0.0	0.128	0.0	0.0	0.0	0.0	0.0	0.0	0.0	0.0	0.0	0.033	0.0	0.0	0.0	0.0	0.0	0.0	0.0	0.0	0.0	0.0	0.0	0.0	0.0	0.0	0.0	0.0	0.0

有人要跟针康男排那个扣球最帅的男生表白吗，没有我就去了[傻笑]	5	11	2016-10-17 22:19    
0.0	0.0	0.128	0.0	0.0	0.0	0.0	0.0	0.0	0.0	0.0	0.0	0.0	0.0	0.0	0.0	0.0	0.0	0.0	0.0	0.0	0.0	0.0	0.0	0.0	0.028	0.0	0.0	0.0	0.0

橄榄球队和橄榄球协会招新啦，诚招美女经理和球队医疗员各两名，校橄榄球队面向所有学院大一男生招新，橄榄球协会面向全校同学招新，如果你对橄榄球感兴趣，想了解橄榄球文化，快来加入我们吧@广中医I栋 @广州中医药大学社联	4	5	2016-10-13 23:32    
0.0	0.0	0.128	0.0	0.0	0.0	0.0	0.0	0.0	0.0	0.0	0.0	0.0	0.0	0.0	0.0	0.0	0.0	0.0	0.0	0.0	0.028	0.0	0.0	0.0	0.0	0.0	0.0	0.0	0.0

看到前面说和男朋友异地恋的 突然想到了自己和前任 虽然她也在广州 但是隔了八十多公里 最后还是被甩了 还让我找更优秀的男生[微笑] 但还是祝福所有异地恋的能好好走下去 不要让自己后悔（没啥信息量 两个字 弯过）	7	4	2016-10-09 17:18    
0.0	0.0	0.128	0.106	0.0	0.0	0.0	0.0	0.0	0.0	0.0	0.0	0.0	0.0	0.033	0.0	0.0	0.0	0.0	0.0	0.0	0.0	0.0	0.0	0.028	0.0	0.0	0.0	0.0	0.0

今天早上在篮球场外面那位开黑色摩托车穿深蓝色衣服的男生还没来得及跟你说谢谢你就一阵风开车走了，谢谢。	5	2	2016-10-08 22:50    
0.0	0.0	0.128	0.0	0.0	0.0	0.0	0.0	0.0	0.0	0.0	0.033	0.0	0.0	0.033	0.0	0.0	0.0	0.0	0.0	0.0	0.0	0.0	0.0	0.0	0.0	0.0	0.0	0.0	0.0

我是那个被不嫌弃的男生，谢谢各位师妹的解答，我和她都是广中医，隔壁班，大一好像就认识了，现在在不同地方规培。。。其实大学期间的感情应该是最单纯的，毕业了，考虑的东西多了。。。所以我会慢慢来，若有朝一日稳定了，去她的城市和她一起，我会再回来。。。。。。。。。虐尔等一波[兔子]	13	4	2016-10-08 22:21    
0.0	0.0	0.128	0.0	0.0	0.0	0.0	0.0	0.0	0.0	0.0	0.0	0.0	0.0	0.0	0.0	0.028	0.028	0.0	0.0	0.0	0.0	0.0	0.0	0.0	0.0	0.0	0.0	0.0	0.0

妹纸 158身高 6分长相 性格是随和小女生但有点小文艺 爱好音乐 练字 看展览 因为不懂怎么跟男生交往 所以怎样才能找到合适的蓝朋友？	8	14	2016-10-30 00:15    
0.0	0.0	0.128	0.0	0.0	0.0	0.0	0.0	0.045	0.0	0.0	0.0	0.0	0.0	0.0	0.0	0.0	0.0	0.0	0.0	0.0	0.0	0.0	0.0	0.0	0.0	0.0	0.0	0.0	0.0

刚才看到I栋上某个男生对某个男生告白的微博，之前一条是征询意见，大家都说上啊上啊，勇敢地去呀，抱着一种围观的心态，根本没想过给了这个哥们勇气之后会有什么结局，大家把问题想得太简单，根本没有经过深思熟虑给出的意见是及其不负责任的，在这里表示很是心疼那哥们	8	7	2016-10-23 18:46    
0.0	0.0	0.128	0.0	0.0	0.0	0.0	0.0	0.0	0.0	0.0	0.0	0.033	0.0	0.0	0.0	0.0	0.0	0.0	0.0	0.0	0.028	0.0	0.0	0.0	0.0	0.0	0.0	0.0	0.0

明天想要一个男生的肩膀痛哭一场，有人愿意请点赞	30	16	2016-10-03 00:24    
0.0	0.0	0.128	0.0	0.0	0.0	0.0	0.0	0.0	0.0	0.0	0.0	0.0	0.033	0.0	0.0	0.0	0.0	0.0	0.0	0.0	0.0	0.0	0.0	0.0	0.0	0.0	0.0	0.0	0.0

