看到身边的人一个个脱单也想找个女朋友了，本人181+性格比较开朗活泼平时喜欢运动颜值一般。想认识一下能聊活泼，160左右的女生。可以评论或私聊。。。。	4	23	2016-10-22 09:30    
0.267	0.145	0.0	0.0	0.0	0.0	0.0	0.05	0.0	0.039	0.0	0.0	0.0	0.0	0.0	0.0	0.0	0.0	0.0	0.0	0.0	0.0	0.0	0.0	0.0	0.0	0.0	0.0	0.0	0.0

在自修室最里面那个脚经常盖着粉色小被子，坐姿很不羁的，很真实的。看书喜欢把眼镜放下来的那个女生，你要加油呀，很喜欢你昨天穿长裙的样子，加油[左上](^ω^)[右上]	13	3	2016-10-16 10:09    
0.267	0.145	0.0	0.0	0.0	0.0	0.0	0.0	0.0	0.0	0.0	0.033	0.0	0.0	0.0	0.0	0.0	0.0	0.0	0.0	0.0	0.0	0.0	0.0	0.0	0.0	0.0	0.0	0.0	0.0

某男生的所谓暗恋真的觉得很恶心上学期带着室友一起在栏杆看对面女生宿舍然后共同讨论暗恋女生的胸部尺寸吗？还说得很大声 明确表示不喜欢还是不死心 拍照 拍视频 然后在宿舍讨论分享大笑下次见到你我要爆粗你才懂？不要评论说这么远你怎么可能知道 上学期我们合班上课 他们的讲话声就像个喇叭	5	11	2016-10-15 22:20    
0.267	0.145	0.128	0.0	0.0	0.0	0.0	0.05	0.0	0.0	0.0	0.0	0.0	0.0	0.0	0.0	0.0	0.0	0.0	0.0	0.0	0.0	0.0	0.0	0.0	0.0	0.0	0.0	0.0	0.028

自习室有些女生就像挥着翅（棒）膀（槌）的的女孩，写个字整张桌子都在抖。大中午想睡个觉，被震醒了三次，跟鬼摇床一样。还不停喝水拿杯子放杯子duangduangduang地响，轻点你是会死啊。你他妈平时喜欢自言自语就算了，大中午耶，自习室耶，拜托你素质点行不行！	5	3	2016-10-14 14:57    
0.267	0.145	0.0	0.0	0.0	0.0	0.0	0.0	0.0	0.0	0.0	0.0	0.0	0.0	0.0	0.0	0.0	0.0	0.0	0.0	0.0	0.0	0.0	0.0	0.0	0.0	0.0	0.0	0.0	0.0

每当看到类似男朋友在朋友圈没有晒过自己……这样的问题……就我个人来说（女生）我也不喜欢晒，因为我觉得珍贵的东西都是小心翼翼地藏起来，所以可能是每个人的看法不一样，所以多沟通就好啦。	5	4	2016-10-12 12:52    
0.267	0.145	0.0	0.106	0.0	0.0	0.0	0.0	0.0	0.0	0.0	0.0	0.0	0.0	0.0	0.0	0.0	0.0	0.0	0.0	0.0	0.0	0.0	0.0	0.0	0.0	0.0	0.0	0.0	0.0

和一个感觉不错的女生聊到找对象的问题，我说我的要求很简单：能聊得来，肯包容，最重要不嫌弃我这种小医生的就好。。。。。她回答：我不嫌弃你。。。一般女生的这种话应该当玩笑看看，还是该略微展开一下，自己自我感觉良好一下。。。。。人生三错觉，有人敲门，手机震动，她喜欢我。。	7	12	2016-10-08 21:44    
0.267	0.145	0.0	0.0	0.0	0.061	0.0	0.0	0.0	0.0	0.0	0.0	0.0	0.0	0.0	0.0	0.0	0.0	0.0	0.0	0.0	0.0	0.0	0.0	0.0	0.0	0.0	0.0	0.0	0.0

女生应该找一个自己喜欢的人还是喜欢自己的人啊	3	12	2016-10-06 15:24    
0.267	0.145	0.0	0.0	0.0	0.0	0.0	0.0	0.0	0.0	0.0	0.0	0.0	0.0	0.0	0.0	0.0	0.0	0.0	0.0	0.0	0.0	0.0	0.0	0.0	0.0	0.0	0.0	0.0	0.0

