问下有人知道这不要脸的是什么社团吗？一大早八点多在JK栋之间玩游戏吵吵嚷嚷，不知道空旷的地方回音很大吗？善意的提醒完还是这样！TM的不要脸，有没有脑子，平时上课那么累实习加班回到宿舍只想睡，有没有考虑过别人的感受？给自己的社团丢脸！！	9	5	2016-10-22 09:23    
0.24	0.0	0.0	0.0	0.0	0.0	0.0	0.0	0.035	0.0	0.0	0.0	0.0	0.0	0.0	0.035	0.035	0.0	0.0	0.0	0.0	0.0	0.0	0.0	0.0	0.0	0.0	0.0	0.0	0.0

刚刚在麦当劳点餐，有个小伙子大概以为我不会要帮我，挺稚嫩的，我说“我知道”就继续点餐了，感觉他有点尴尬，我想下回再有人帮我时我就安然接受好了，毕竟对于自己来说，能帮到别人是件挺不错的事，我想，其他人大概也一样。下一回，我绝不再拒绝。毕竟冷漠拒绝的样子也挺讨厌的。	8	2	2016-10-21 10:13    
0.24	0.0	0.0	0.0	0.0	0.0	0.0	0.0	0.0	0.035	0.0	0.035	0.0	0.0	0.0	0.0	0.0	0.0	0.0	0.0	0.0	0.0	0.035	0.0	0.017	0.017	0.0	0.0	0.0	0.0

不知道从什么时候开始，很害怕有人喜欢我。经常会想不得到也就不会失去，于是跟异性朋友保持朋友关系，但是当他们靠近，我就会去躲避。我一直很自卑，认为配不上别人，我不够美好不值得。以前也一度节食暴食至今依然没有办法控制正常饮食。人前表现得很正常，但我总觉得自己遇事一直往阴暗面去想...	9	9	2016-10-19 23:18    
0.24	0.0	0.0	0.0	0.052	0.0	0.0	0.0	0.0	0.0	0.0	0.0	0.0	0.0	0.035	0.0	0.0	0.0	0.0	0.0	0.0	0.0	0.0	0.0	0.0	0.0	0.0	0.0	0.0	0.0

也算是你们师姐。一层楼。上次从你们门前经过恰逢你们宿舍有人刚回来，在我面前用脚关的门，pang的一声确实吓我一跳。住你们隔壁的师姐们估计是真的受不了。L530的师妹们真的改改吧。关门轻一些对大家都好	8	15	2016-10-18 11:41    
0.24	0.0	0.0	0.0	0.0	0.0	0.035	0.0	0.0	0.0	0.0	0.0	0.0	0.0	0.0	0.0	0.035	0.0	0.0	0.0	0.0	0.0	0.0	0.0	0.0	0.0	0.0	0.0	0.0	0.0

有人想要泰国牛奶洗面奶吗香港购入，发现多买了一支，现在25块出，坐标大学城。	11	22	2016-10-15 09:45    
0.24	0.0	0.0	0.052	0.0	0.0	0.0	0.035	0.0	0.0	0.0	0.0	0.0	0.0	0.0	0.0	0.0	0.0	0.0	0.0	0.0	0.0	0.0	0.0	0.0	0.0	0.0	0.0	0.0	0.0

和一个感觉不错的女生聊到找对象的问题，我说我的要求很简单：能聊得来，肯包容，最重要不嫌弃我这种小医生的就好。。。。。她回答：我不嫌弃你。。。一般女生的这种话应该当玩笑看看，还是该略微展开一下，自己自我感觉良好一下。。。。。人生三错觉，有人敲门，手机震动，她喜欢我。。	7	12	2016-10-08 21:44    
0.24	0.0	0.0	0.0	0.052	0.0	0.0	0.0	0.0	0.035	0.0	0.0	0.0	0.0	0.0	0.0	0.0	0.0	0.0	0.0	0.0	0.0	0.0	0.0	0.0	0.0	0.0	0.0	0.0	0.0

下图有人要么 白菜价出了 买了好多用不完	3	6	2016-10-08 23:39    
0.24	0.0	0.0	0.052	0.0	0.0	0.0	0.0	0.0	0.0	0.0	0.0	0.0	0.0	0.0	0.0	0.0	0.0	0.0	0.0	0.0	0.0	0.0	0.0	0.0	0.0	0.0	0.0	0.0	0.0

有人这周四有空兼职吗？ 工作就是辅导小学生做作业 很简单，地点在科韵路附近，公交车就能到，有意者评论啊～最好是有经验的～急求！	3	5	2016-11-01 15:57    
0.24	0.0	0.0	0.0	0.0	0.0	0.0	0.0	0.0	0.0	0.0	0.0	0.0	0.0	0.0	0.0	0.0	0.0	0.0	0.0	0.0	0.0	0.0	0.035	0.0	0.0	0.0	0.0	0.0	0.0

也许在我这个年纪单身不奇怪可是一把年纪了没谈过恋爱也没人追过是不是也太失败了……有时候觉得的自己这辈子都不会有人要了，那就一个人走下去……	4	8	2016-10-31 13:25    
0.24	0.0	0.0	0.0	0.0	0.0	0.0	0.0	0.0	0.0	0.0	0.0	0.035	0.0	0.0	0.0	0.0	0.0	0.0	0.0	0.0	0.0	0.0	0.0	0.0	0.0	0.0	0.0	0.0	0.0

有人有兴趣领养一只猫不，它的主人要离开广州了，带不走……有意向的点赞我私信你	3	5	2016-10-28 19:51    
0.24	0.0	0.0	0.0	0.0	0.0	0.0	0.0	0.0	0.0	0.035	0.0	0.035	0.0	0.0	0.0	0.0	0.0	0.0	0.0	0.0	0.0	0.0	0.0	0.0	0.0	0.0	0.0	0.0	0.0

有人明天早上想跑外环吗？想约一个人一起跑，本人女，速度可以接受7分30秒一公里，有一直坚持跑内环，以前没跑过外环，想约一个最好是跑过外环并一直有坚持跑步的人，希望多认识一些喜欢跑步的人。男女均可，喜欢跑步就约起来吧。	6	27	2016-10-28 19:28    
0.24	0.0	0.052	0.0	0.052	0.0	0.0	0.0	0.0	0.0	0.0	0.0	0.0	0.0	0.0	0.0	0.0	0.035	0.0	0.0	0.035	0.0	0.035	0.0	0.0	0.0	0.0	0.0	0.0	0.0

来自一个后悔的妹子发的博#phone7 128g 港行 全新未激活 有港发票凭票在国内可保修一年的 周六刚从香港带回来到手就觉得太小后悔想换[大哭]5888rmb有人要吗 国行可是要6188啊 自己过去买也要路费然后跑一趟	3	17	2016-10-26 21:14    
0.24	0.0	0.0	0.052	0.0	0.0	0.0	0.035	0.0	0.0	0.0	0.0	0.0	0.0	0.0	0.0	0.0	0.0	0.0	0.0	0.035	0.0	0.0	0.0	0.0	0.0	0.017	0.0	0.0	0.0

周末要去香港～有人需要代购的吗？点赞我私信你详情[来]	5	3	2016-10-25 21:07    
0.24	0.0	0.0	0.0	0.0	0.0	0.0	0.035	0.0	0.0	0.035	0.0	0.0	0.0	0.0	0.0	0.0	0.0	0.0	0.0	0.0	0.0	0.0	0.0	0.0	0.0	0.0	0.0	0.0	0.0

有人买了正版2k17吗？有的可以借来安装一下，有偿	3	2	2016-10-23 22:55    
0.24	0.0	0.0	0.052	0.0	0.0	0.0	0.0	0.0	0.0	0.0	0.0	0.0	0.0	0.0	0.0	0.0	0.0	0.0	0.0	0.0	0.0	0.0	0.0	0.0	0.0	0.0	0.0	0.0	0.0

默默问一句，有人喜欢满汉歌手吗	7	8	2016-10-06 22:21    
0.24	0.0	0.0	0.0	0.052	0.0	0.0	0.0	0.0	0.0	0.0	0.0	0.0	0.0	0.0	0.035	0.0	0.0	0.0	0.0	0.0	0.0	0.0	0.0	0.0	0.0	0.0	0.0	0.0	0.0

有人想专业学钢琴小提琴古琴等乐器的吗？都零基础的，想学的点赞留言我私聊哈	10	5	2016-10-02 11:50    
0.24	0.0	0.0	0.0	0.0	0.0	0.0	0.0	0.0	0.0	0.035	0.0	0.0	0.0	0.0	0.0	0.0	0.0	0.0	0.0	0.0	0.0	0.0	0.0	0.0	0.0	0.0	0.0	0.017	0.0

明天想要一个男生的肩膀痛哭一场，有人愿意请点赞	30	16	2016-10-03 00:24    
0.24	0.0	0.0	0.0	0.0	0.0	0.0	0.0	0.0	0.0	0.035	0.0	0.0	0.0	0.0	0.0	0.0	0.0	0.0	0.0	0.0	0.0	0.0	0.0	0.0	0.0	0.0	0.0	0.0	0.0

iPhone 6 64G有人要吗？没有我晚点再问一下[xkl囧]	3	12	2016-10-02 09:24    
0.24	0.0	0.0	0.0	0.0	0.0	0.0	0.0	0.0	0.0	0.0	0.0	0.0	0.0	0.0	0.035	0.0	0.0	0.0	0.0	0.0	0.0	0.0	0.0	0.0	0.0	0.0	0.0	0.0	0.0

7磨砂黑32g 激活一周有香港票据有人要吗？	5	5	2016-10-02 12:44    
0.24	0.0	0.0	0.0	0.0	0.0	0.0	0.035	0.0	0.0	0.0	0.0	0.0	0.0	0.0	0.0	0.0	0.0	0.0	0.0	0.0	0.0	0.0	0.0	0.0	0.0	0.0	0.0	0.0	0.0

