男的问女的有没有男朋友，女的说有男朋友了，男的回复[泪][泪][泪]请问是我想多了吗？[呵呵]	3	7	2016-10-22 16:24    
0.0	0.138	0.052	0.0	0.0	0.0	0.0	0.0	0.0	0.0	0.0	0.0	0.0	0.0	0.0	0.0	0.0	0.0	0.0	0.0	0.0	0.0	0.0	0.0	0.0	0.0	0.0	0.0	0.0	0.0

万能的i栋，请问去哪里才能买到正品的完美芦荟胶？我也想找专卖店，然而百度地图显示的太远，，，	5	13	2016-10-09 23:20    
0.0	0.138	0.0	0.052	0.0	0.0	0.0	0.0	0.0	0.0	0.0	0.0	0.0	0.0	0.0	0.0	0.0	0.0	0.0	0.0	0.0	0.0	0.0	0.0	0.0	0.0	0.0	0.0	0.0	0.0

请问有师兄师姐在香港浸会大学念中药的吗？一年制的研究生跟三年制的有什么区别呢？一年制的可以接着读博士吗？如果想读三年制要怎样申请呢？	3	4	2016-10-09 08:39    
0.0	0.138	0.0	0.0	0.0	0.0	0.035	0.0	0.0	0.0	0.0	0.0	0.0	0.0	0.0	0.0	0.0	0.0	0.0	0.0	0.0	0.0	0.0	0.0	0.0	0.0	0.0	0.0	0.0	0.0

请问一下养猫的同学～猫咪可以带上公交车 地铁和大巴吗？  急……在线等……	3	8	2016-10-29 07:45    
0.0	0.138	0.0	0.0	0.0	0.0	0.0	0.0	0.0	0.0	0.0	0.0	0.0	0.035	0.0	0.0	0.0	0.0	0.0	0.035	0.0	0.0	0.0	0.035	0.0	0.0	0.0	0.0	0.0	0.0

请问现在发论文学校还可以报销吗？报销到通知拿钱要多久？核心和非核心都可以吗？	4	2	2016-10-26 20:49    
0.0	0.138	0.0	0.0	0.0	0.035	0.0	0.0	0.0	0.0	0.0	0.0	0.0	0.0	0.0	0.0	0.0	0.0	0.0	0.0	0.0	0.0	0.0	0.0	0.0	0.0	0.0	0.0	0.0	0.0

请问有同学知道我们学校的中医养生馆的推拿按摩收费标准吗？好想找人按摩一下啊，或者有同学愿意帮我的话也可以啊，你报价，合适的我私你，（当然你不收钱我也是很乐意的哈哈，不会亏待你的啦，）本人女，偏瘦	4	11	2016-10-24 23:12    
0.0	0.138	0.052	0.0	0.0	0.035	0.0	0.0	0.0	0.0	0.0	0.035	0.0	0.035	0.0	0.0	0.0	0.0	0.035	0.0	0.0	0.035	0.0	0.0	0.0	0.0	0.0	0.0	0.0	0.017

请问有无朋友有迅雷会员？借用一个下午，我用优酷会员交换使用[嘻嘻]	4	11	2016-10-06 13:57    
0.0	0.138	0.0	0.0	0.0	0.0	0.0	0.0	0.0	0.0	0.0	0.0	0.0	0.0	0.035	0.0	0.0	0.0	0.0	0.0	0.0	0.0	0.0	0.0	0.0	0.0	0.0	0.0	0.0	0.0

各位大神，请问学校游泳馆这几天国庆假期开吗？我想超越迈克尔·菲尔普斯就靠这几天了……	14	6	2016-10-02 20:49    
0.0	0.138	0.0	0.0	0.0	0.035	0.0	0.0	0.0	0.0	0.0	0.0	0.0	0.0	0.0	0.0	0.0	0.0	0.0	0.0	0.0	0.0	0.0	0.0	0.0	0.0	0.0	0.017	0.0	0.0

