问下有人知道这不要脸的是什么社团吗？一大早八点多在JK栋之间玩游戏吵吵嚷嚷，不知道空旷的地方回音很大吗？善意的提醒完还是这样！TM的不要脸，有没有脑子，平时上课那么累实习加班回到宿舍只想睡，有没有考虑过别人的感受？给自己的社团丢脸！！	9	5	2016-10-22 09:23    
0.0	0.0	0.104	0.0	0.0	0.0	0.0	0.0	0.0	0.0	0.0	0.0	0.0	0.0	0.0	0.0	0.0	0.0	0.0	0.0	0.031	0.0	0.0	0.0	0.0	0.0	0.0	0.0	0.0	0.0

室友关门“boom”的一声超级大声，已经说过关门的时候小声一点门也不容易坏，非是不听，特别是室友早起出门其他三个人都还在睡觉就这样关门真的吵醒了整个宿舍，超级讨厌，可是能怎样呢，说了又不听。	12	6	2016-10-18 23:11    
0.0	0.0	0.104	0.0	0.0	0.0	0.0	0.0	0.0	0.0	0.0	0.0	0.0	0.0	0.0	0.0	0.0	0.0	0.0	0.031	0.0	0.0	0.0	0.0	0.0	0.0	0.0	0.025	0.0	0.0

某男生的所谓暗恋真的觉得很恶心上学期带着室友一起在栏杆看对面女生宿舍然后共同讨论暗恋女生的胸部尺寸吗？还说得很大声 明确表示不喜欢还是不死心 拍照 拍视频 然后在宿舍讨论分享大笑下次见到你我要爆粗你才懂？不要评论说这么远你怎么可能知道 上学期我们合班上课 他们的讲话声就像个喇叭	5	11	2016-10-15 22:20    
0.0	0.0	0.104	0.0	0.061	0.0	0.0	0.049	0.0	0.0	0.0	0.0	0.0	0.0	0.0	0.037	0.0	0.0	0.0	0.0	0.031	0.0	0.0	0.0	0.0	0.0	0.0	0.0	0.0	0.0

为了防止异性互访推销人员上楼，封楼梯，然后最多人上电梯的时间段保安不在座位上，那么恕我直言了反正你都看不到有没有异性上楼你封住楼梯干什么。再者，为了防止现象你就封楼梯，你不会多巡逻几圈？你就喜欢坐在座位上看别人挤电梯，爬楼梯然后绕一圈回宿舍？心疼二楼的宿舍近在咫尺可是路在远方。	25	7	2016-10-13 19:26    
0.0	0.0	0.104	0.0	0.061	0.0	0.0	0.0	0.0	0.0	0.043	0.0	0.0	0.0	0.037	0.0	0.0	0.0	0.0	0.0	0.0	0.0	0.0	0.0	0.0	0.0	0.0	0.0	0.0	0.0

轮滑那些人不要太过分哈，J栋就那么大，自行车不让放架空层你想让我们放哪？你宿舍吗？二商对面不是已经给你们了，胃口太大不怕扑街吗？	3	9	2016-10-26 12:16    
0.0	0.0	0.104	0.0	0.0	0.0	0.0	0.0	0.0	0.0	0.0	0.0	0.0	0.0	0.0	0.0	0.0	0.0	0.0	0.0	0.0	0.0	0.0	0.0	0.0	0.0	0.025	0.0	0.0	0.0

[哼]校长晚餐什么时候还有啊？！我要投诉封一二商再到封宿舍然后就是封道具，为什么不干脆连教学区也封了，上课太麻烦了！封啥的正式通告都没有，说！是不是物业垄断了？！	7	5	2016-10-26 09:01    
0.0	0.0	0.104	0.0	0.0	0.0	0.0	0.0	0.0	0.0	0.0	0.0	0.0	0.0	0.037	0.0	0.0	0.0	0.0	0.0	0.031	0.0	0.0	0.0	0.0	0.0	0.025	0.0	0.0	0.0

蓝色可爱收纳盒，男女均可用，四十买的，一切完好，由于三元里宿舍位置不够，所以想低价卖掉，20出手，可小刀	3	2	2016-10-25 10:12    
0.0	0.0	0.104	0.0	0.0	0.0	0.0	0.0	0.0	0.0	0.0	0.0	0.0	0.0	0.0	0.0	0.0	0.0	0.0	0.0	0.0	0.0	0.0	0.0	0.0	0.025	0.0	0.0	0.0	0.0

D棟收垃圾的阿姨說，請把紙箱放在垃圾桶旁邊，不要扔進垃圾桶裏，這樣方便她的工作，請看到的各位留心一下啦，舉手之勞而已，希望其它宿舍樓的也儘量這樣做吧。	30	2	2016-10-23 17:42    
0.0	0.0	0.104	0.0	0.0	0.0	0.0	0.0	0.043	0.0	0.0	0.0	0.0	0.0	0.0	0.0	0.0	0.0	0.031	0.0	0.0	0.0	0.0	0.0	0.0	0.0	0.0	0.0	0.0	0.0

宿舍舍友晚上特别喜欢在宿舍吸烟，最近咽喉炎又犯了，特别反感烟味，觉得自己智慧不够用了，怎么跟他说好？	3	10	2016-10-03 22:17    
0.0	0.0	0.104	0.0	0.061	0.0	0.0	0.0	0.0	0.0	0.0	0.0	0.0	0.0	0.0	0.0	0.0	0.0	0.0	0.031	0.0	0.0	0.0	0.0	0.0	0.0	0.0	0.0	0.0	0.025

