希望大家不要嫌我烦，好心人帮帮忙可以吗#昨晚我是9点半离开课室的，当时只有一个女生坐在教室最后。虽然10点半才回来找，不过那教室是10点就关门了，所以期间有同学在那里进出的话可以评论一下吗？，方便我在监控视频里面逐个排查，谢谢大家的支持	4	5	2016-10-22 18:02    
0.153	0.0	0.0	0.0	0.0	0.0	0.0	0.049	0.043	0.0	0.0	0.0	0.0	0.0	0.0	0.037	0.0	0.0	0.0	0.0	0.0	0.0	0.0	0.0	0.025	0.0	0.0	0.0	0.0	0.0

最近广中医10栋，我的外卖，室友的外卖，同学的外卖老是被别人拿走。真的很生气，别人付的钱，他凭什么吃白食！此人作案频率越来越高，希望能通过楼主平台，大家的力量，找出此人。	4	6	2016-10-21 18:51    
0.153	0.11	0.0	0.0	0.0	0.061	0.0	0.0	0.043	0.043	0.0	0.0	0.0	0.0	0.0	0.0	0.0	0.0	0.0	0.0	0.0	0.0	0.031	0.0	0.0	0.0	0.0	0.0	0.0	0.0

今天下午3点40分到4点10分从广中医数字家园基地到广中医生活区的路上丢了一部玫瑰金IPhone6S。打电话过去关机了，希望捡到这么部手机的同学能看到这条微博，能把手机还给我，手机里有全班同学的考试资料，还有很多我的重要信息 如果你愿意的话 我可以花钱买回来18695705469	4	6	2016-10-21 17:37    
0.153	0.0	0.0	0.0	0.0	0.061	0.0	0.0	0.043	0.0	0.0	0.0	0.0	0.0	0.0	0.0	0.0	0.0	0.0	0.0	0.0	0.0	0.0	0.0	0.025	0.0	0.0	0.0	0.0	0.0

偶得bingbang签名小kt版（图五），胸针（图四），和太阳镜子（图六）。。有喜欢的同学吗？小kt版5块（有欧巴的签名哦），胸针2块一个，太阳镜子5块，，有的评价吧。。vip们躁起来~~~	3	8	2016-10-18 17:58    
0.153	0.0	0.0	0.0	0.061	0.0	0.0	0.0	0.0	0.0	0.0	0.0	0.0	0.0	0.0	0.0	0.0	0.0	0.0	0.0	0.0	0.0	0.0	0.0	0.0	0.0	0.0	0.0	0.0	0.0

昨晚和同学打完球去喝酒，一个同学讲假期他偷偷在医院实习了一个月累的跟狗一样，为了买一个超级漂亮的项链给她，然而她的生日他却再也没有机会送出去了，唉	3	14	2016-10-17 07:59    
0.153	0.0	0.0	0.0	0.0	0.0	0.0	0.0	0.0	0.0	0.0	0.0	0.0	0.0	0.0	0.0	0.0	0.0	0.0	0.0	0.0	0.0	0.0	0.0	0.0	0.025	0.0	0.0	0.0	0.0

百团大战这个表演可不可以下午4点再开始啊？还让不让人睡啊！真心疼ABC栋的同学啊！	12	8	2016-10-15 08:52    
0.153	0.0	0.0	0.0	0.0	0.0	0.0	0.0	0.0	0.043	0.0	0.0	0.0	0.0	0.0	0.0	0.0	0.0	0.0	0.0	0.0	0.0	0.0	0.0	0.0	0.0	0.0	0.0	0.0	0.0

只有你有一颗热爱网球的心，无论水平怎么样 是新手 或者从未学过 这里都能找到你所需要的 网球招新 欢迎你的加入。（注：有兴趣的同学可在下方评论，非诚勿扰。）	5	10	2016-10-14 14:05    
0.153	0.0	0.0	0.0	0.0	0.0	0.0	0.049	0.0	0.0	0.0	0.0	0.0	0.0	0.0	0.0	0.0	0.0	0.0	0.0	0.0	0.0	0.0	0.0	0.0	0.0	0.0	0.0	0.0	0.0

这是我和商家的聊天记录 我没有把自己的头像盖住 我只是觉得他们的态度很无理 告诉大家要多注意 如果有正在和这个商家合作 或者准备合作 或者准备订衣服的同学多注意一下 不要被骗了 钱没了还搞得一肚子的气	9	10	2016-10-12 21:12    
0.153	0.0	0.0	0.0	0.0	0.0	0.0	0.0	0.0	0.0	0.0	0.0	0.0	0.0	0.0	0.0	0.0	0.0	0.0	0.0	0.0	0.0	0.031	0.0	0.0	0.0	0.0	0.0	0.0	0.0

秋风乍起，天气微凉，你是否需要一款来自四川大凉山的耗牛肉，来暖暖身体，我想让我妈给我从家乡菜市场火爆摊位寄过来，有没有广中医的同学一起拼单均邮费的啦～有需要的同学尽快，微博私我（我在评论里冒个头：吕帝姐姐的龙门阵），我登记下，这周让我妈寄过来啦～	3	14	2016-10-10 20:04    
0.153	0.0	0.0	0.0	0.0	0.061	0.0	0.049	0.0	0.0	0.0	0.0	0.0	0.0	0.0	0.0	0.0	0.0	0.0	0.0	0.0	0.0	0.0	0.0	0.0	0.0	0.0	0.0	0.0	0.0

看到有同学说单车在教学楼被偷，老实说，像这种锁在教学楼下附近还有保安的，我是不太相信会被人偷的！有次我急匆匆跑去上课，看到一保安叔叔把一辆车不知道挪去哪里，目测那辆车很新很漂亮，估计是没锁好保安叔叔帮你拎去保管吧。	6	4	2016-10-09 21:21    
0.153	0.0	0.0	0.0	0.0	0.0	0.055	0.0	0.0	0.0	0.0	0.0	0.0	0.0	0.0	0.0	0.0	0.0	0.0	0.0	0.031	0.0	0.0	0.0	0.0	0.0	0.025	0.0	0.0	0.0

有没有人想要skinfood的水乳呀？同学韩国帮买的，买的不久，用了几次发现皮肤不是很合适，还有一堆小样，丢掉怪可惜的，想要的同学评论我私信你，免费送啦	4	10	2016-10-07 16:24    
0.153	0.0	0.0	0.0	0.0	0.0	0.0	0.049	0.0	0.0	0.0	0.0	0.0	0.0	0.0	0.0	0.0	0.0	0.0	0.0	0.0	0.0	0.0	0.0	0.0	0.025	0.0	0.0	0.025	0.0

自修室那个，就是那个～我先想一下怎么形容先。  对！就是在自修室学习时扎马尾，然后不学习就把头发放下来的那位同学，发型中分吧，带一个圆眼镜。就是看起来既美丽又可爱那个。好喜欢这种类型的女孩。感觉她好勤奋，希望她能考上心中理想的学府吧。(也祝在自修室复习考研党们都能圆梦)	16	5	2016-10-07 13:27    
0.153	0.0	0.0	0.0	0.061	0.0	0.0	0.0	0.043	0.0	0.0	0.0	0.0	0.0	0.0	0.0	0.0	0.0	0.0	0.0	0.0	0.031	0.0	0.0	0.0	0.0	0.0	0.0	0.0	0.0

如果有同学想学车的话，可以把我教练推荐给你（本人科目一到四都是一次通过的，小得瑟一下～），学车教练说点粗口  普通话没那么标准很正常的，但是他还是很有责任心，态度也不错，在科目二的教学上也蛮有经验，亲证。今天也主要想感谢一下教练，为教练争点人气，有兴趣的评论私聊吧	4	2	2016-11-01 10:57    
0.153	0.0	0.0	0.0	0.0	0.0	0.0	0.049	0.0	0.0	0.0	0.0	0.0	0.0	0.0	0.0	0.0	0.0	0.0	0.0	0.0	0.0	0.0	0.0	0.0	0.0	0.0	0.0	0.0	0.0

同学你就真的那么缺钱吗？挂在饭堂的挂钩已经被偷走2次了，一个挂钩而已，还要偷拿别人的，我给你2块钱你自己买去好不好？三元里。	3	2	2016-10-29 12:10    
0.153	0.0	0.0	0.0	0.0	0.0	0.0	0.0	0.0	0.0	0.0	0.0	0.0	0.0	0.0	0.0	0.0	0.031	0.0	0.0	0.0	0.0	0.0	0.0	0.0	0.025	0.0	0.0	0.0	0.0

看了一天的轮协的问题，我觉得吧，除了申请手续外，更要注意各位（轮协的人跟j栋提出质疑的同学都要）的说话方式，都是校友好好说话不可以么，态度好一点可能别人也不会那么排斥。真的看不下去那些上来就呛人的同学，没错，这次说的是某评论里某位轮协的朋友，注意你的态度。——来自别栋的路人。	8	2	2016-10-26 17:57    
0.153	0.0	0.0	0.0	0.0	0.0	0.0	0.049	0.0	0.043	0.0	0.0	0.0	0.0	0.0	0.0	0.0	0.0	0.0	0.0	0.0	0.0	0.0	0.0	0.0	0.0	0.0	0.025	0.0	0.0

请问有同学知道我们学校的中医养生馆的推拿按摩收费标准吗？好想找人按摩一下啊，或者有同学愿意帮我的话也可以啊，你报价，合适的我私你，（当然你不收钱我也是很乐意的哈哈，不会亏待你的啦，）本人女，偏瘦	4	11	2016-10-24 23:12    
0.153	0.0	0.0	0.061	0.0	0.0	0.0	0.0	0.0	0.0	0.0	0.0	0.0	0.0	0.0	0.0	0.0	0.0	0.0	0.0	0.0	0.0	0.0	0.0	0.0	0.0	0.0	0.0	0.0	0.0

[泪]真的好想在大学谈一场恋爱，但是真心觉得没什么人会喜欢我[泪]大二了，感觉每一天的时间都过得好快，有时候觉得真难过。一个人宿舍的路上突然就觉得很难过[失望]特别是当看到班上的同学都成双成对的时候[爱你]希望被温柔以待，也希望有一天能够有一个人能让我温柔相待。	13	16	2016-10-24 23:06    
0.153	0.0	0.104	0.0	0.061	0.0	0.0	0.0	0.043	0.0	0.0	0.0	0.0	0.0	0.0	0.0	0.0	0.0	0.0	0.031	0.0	0.031	0.0	0.0	0.0	0.0	0.0	0.0	0.0	0.0

那个，如果实在找不到【小黄车】的同学，可以去“赤坎桥”桥头，也就是去长洲岛的那个路口看看，或许可能有车。因为小黄车只能在大学城使用，不能骑去长洲岛的，不能骑去长洲岛，不能骑去长洲岛！！！！所以假期很多人骑行去那边都必须把车停在路口，最后回来的时候都不拿回来。。。。	7	2	2016-10-07 09:37    
0.153	0.0	0.0	0.0	0.0	0.0	0.0	0.0	0.0	0.0	0.0	0.0	0.0	0.0	0.0	0.0	0.0	0.0	0.0	0.0	0.0	0.0	0.0	0.031	0.025	0.0	0.0	0.0	0.0	0.0

在宿舍宅了5天，下午想去中心湖散散步，有同学养小猫小狗（大型犬也可以）的吗？可不可以借出来溜溜，保证不弄丢，或者我们一起，真的很喜欢小动物	11	15	2016-10-06 12:39    
0.153	0.0	0.104	0.0	0.061	0.0	0.0	0.0	0.0	0.0	0.0	0.0	0.0	0.0	0.0	0.0	0.0	0.0	0.0	0.0	0.0	0.0	0.0	0.0	0.0	0.0	0.0	0.0	0.0	0.0

有对阿卡贝拉感兴趣或者有一定唱功基础又想尝试一下acapella的同学吗？？很想在广中医建一个人声乐队~有兴趣的评论或点赞我找你~	4	8	2016-10-05 16:20    
0.153	0.0	0.0	0.0	0.0	0.061	0.0	0.049	0.0	0.0	0.0	0.0	0.0	0.0	0.0	0.0	0.0	0.0	0.0	0.0	0.0	0.0	0.0	0.0	0.0	0.0	0.0	0.0	0.0	0.0

嘻嘻，喜欢孙佳苗同学~	3	4	2016-10-03 13:07    
0.153	0.0	0.0	0.0	0.061	0.0	0.0	0.0	0.0	0.0	0.0	0.0	0.0	0.0	0.0	0.0	0.0	0.0	0.0	0.0	0.0	0.0	0.0	0.0	0.0	0.0	0.0	0.0	0.0	0.0

