J栋偷外卖的，厉害了[微笑]	3	3	2016-10-20 10:52    
0.0	0.11	0.0	0.0	0.0	0.0	0.055	0.0	0.0	0.0	0.0	0.0	0.0	0.0	0.0	0.0	0.0	0.0	0.0	0.0	0.0	0.0	0.0	0.0	0.0	0.0	0.0	0.0	0.0	0.0

d栋外卖总是被偷，现在点个外卖一接到电话就得飞毛腿跑下去，有没有人有意愿成立个小组来抓偷外卖的，好想看看那个人或那些人的嘴脸，痛恶至极！好想点个外卖故意给那些人拿然后抓个现行	9	6	2016-10-19 13:36    
0.0	0.11	0.0	0.0	0.0	0.0	0.055	0.0	0.0	0.043	0.0	0.0	0.0	0.0	0.0	0.0	0.0	0.0	0.0	0.0	0.0	0.0	0.0	0.0	0.0	0.0	0.0	0.0	0.0	0.0

本人今晚于七点四十到八点十分之间在A栋丢失外卖，注意是A栋。外卖内容有:紫菜包饭，咸鸭蛋，糯米卷。如果A栋的女宝宝发现今晚你舍友有以上内容，请注意她！！！小心她！！！	20	2	2016-10-14 00:15    
0.0	0.11	0.0	0.0	0.0	0.0	0.0	0.0	0.0	0.0	0.0	0.0	0.0	0.0	0.0	0.0	0.037	0.0	0.0	0.0	0.0	0.0	0.0	0.0	0.0	0.0	0.0	0.0	0.025	0.025

卧槽学校想干嘛，把路封成这个样子，本来上下课某条路就已经够挤了，这下更挤了，学校这是想让我们把一条路都挤满吗？！[微笑][微笑]为了防外卖封路这个办法还真特么是简单粗暴呢科科[微笑]	4	3	2016-10-13 21:21    
0.0	0.11	0.0	0.061	0.0	0.0	0.0	0.0	0.0	0.0	0.043	0.0	0.0	0.0	0.0	0.0	0.0	0.0	0.0	0.0	0.0	0.0	0.0	0.0	0.0	0.0	0.0	0.0	0.0	0.0

学校一商二商又不开，又把路封了，如果是因为外卖车太快，有没有想过学生为什么点外卖，你饭堂那么难吃还不许点外卖，为了限制外卖车太快，也给学生带来了极大的 不便哦，嫌弃[斜眼]	7	7	2016-10-13 19:46    
0.0	0.11	0.0	0.061	0.0	0.0	0.0	0.0	0.0	0.0	0.043	0.0	0.0	0.0	0.037	0.0	0.0	0.031	0.0	0.0	0.0	0.0	0.0	0.0	0.0	0.0	0.0	0.0	0.0	0.0

本人昨晚于七点四十到八点十分之间在A栋丢失外卖，注意是A栋。外卖内容有:紫菜包饭，咸鸭蛋，糯米卷。如果A栋的女宝宝发现今晚你舍友有以上内容，请注意她！！！小心她！！！	4	4	2016-10-14 07:06    
0.0	0.11	0.0	0.0	0.0	0.0	0.0	0.0	0.0	0.0	0.0	0.0	0.0	0.0	0.0	0.0	0.037	0.0	0.0	0.0	0.0	0.0	0.0	0.0	0.0	0.0	0.0	0.0	0.025	0.025

A栋今天穿薄荷绿衣服的女的，偷外卖拜托专业一点啊，还被我发现，你没钱吃饭就赚咯，偷东西算什么鬼。。下次别给我看到你	5	7	2016-10-13 16:40    
0.0	0.11	0.0	0.0	0.0	0.0	0.055	0.0	0.0	0.0	0.0	0.0	0.0	0.0	0.0	0.0	0.037	0.0	0.0	0.0	0.0	0.0	0.031	0.0	0.0	0.0	0.0	0.025	0.025	0.0

广中医A栋偷外卖的你给我听好了，没钱吃饭你去偷钱去啊！偷我们的外卖算什么！要是让我抓住你你就完蛋了！一次两次也就算了你特么的偷我四次，还偷我舍友三次，偷吃的要遭雷劈的！你以为没人抓得住你吗？有本事你就继续，咱们走着瞧！	4	8	2016-10-08 20:06    
0.0	0.11	0.0	0.0	0.0	0.061	0.055	0.0	0.0	0.0	0.0	0.0	0.0	0.0	0.0	0.0	0.037	0.0	0.0	0.0	0.0	0.0	0.031	0.0	0.0	0.0	0.0	0.0	0.0	0.025

坐标A栋，一接到电话马上从三楼下去外卖还是被偷了。循例祝福一下吃偷来的鸡排饭的女同学长胖二十斤，满脸痘痘，习惯性便秘，期末挂科，找到和你人品一样差的男同学，还没有性生活。	4	10	2016-10-30 18:53    
0.0	0.11	0.0	0.0	0.0	0.0	0.055	0.0	0.0	0.0	0.0	0.0	0.0	0.0	0.0	0.0	0.037	0.0	0.0	0.0	0.0	0.0	0.0	0.0	0.0	0.0	0.0	0.0	0.0	0.0

学校你想怎么滴，一商二商关了，二饭三楼关了，二饭小卖部又不开，你设个路口护栏还不让送外卖的进来！想饿死大伙吗？别说啥饭堂有饭，领导你来试试吃饭堂一个月啊！路口的护栏一道又一道，骑车去超市都要扛车进出！各种不方便，别逼大家去投诉，最近办公楼有投诉邮箱滴！	14	6	2016-10-29 12:51    
0.0	0.11	0.0	0.061	0.0	0.0	0.0	0.0	0.0	0.0	0.0	0.0	0.0	0.0	0.0	0.0	0.0	0.031	0.0	0.0	0.0	0.0	0.0	0.0	0.0	0.0	0.0	0.0	0.0	0.0

港真，路障开放时间这种如此智障的东西，真的不知道广中医怎么想的。拦外卖？只是让外卖扎堆吧！这种智障路障就是学校在提醒你要按时上课而已。与其有时间精力弄这些，不如把教学区坏了的路灯，宿舍猖狂的老鼠和漏水的墙弄好！说真，我想写信给省巡视和媒体了	21	16	2016-10-27 13:22    
0.0	0.11	0.104	0.061	0.0	0.061	0.0	0.0	0.0	0.0	0.0	0.0	0.0	0.0	0.0	0.0	0.0	0.0	0.0	0.0	0.031	0.0	0.0	0.0	0.0	0.0	0.0	0.0	0.0	0.0

等爸爸考完研  专门抽一个月时间来捉偷外卖的[呵呵]	24	3	2016-10-27 17:50    
0.0	0.11	0.0	0.0	0.0	0.0	0.055	0.0	0.0	0.0	0.0	0.0	0.0	0.0	0.0	0.0	0.0	0.0	0.0	0.0	0.0	0.0	0.0	0.0	0.0	0.0	0.0	0.0	0.0	0.0

锁小黄车，偷外卖的能不能有一点素质呀，是不是被狗吃了？人模狗样的，人穷不可怕，说你是大学生都丢脸，做的时候难道没有一点点羞耻play?能为了几毛钱几块钱就出卖自己的尊严，你们的价值观真的不懂。	7	2	2016-10-27 19:37    
0.0	0.11	0.0	0.0	0.0	0.0	0.055	0.0	0.0	0.0	0.0	0.0	0.0	0.0	0.0	0.0	0.0	0.0	0.0	0.0	0.0	0.0	0.0	0.0	0.0	0.0	0.0	0.025	0.0	0.0

学校的路障除了给学生新添麻烦根本没任何j8卵用。为什么，饭堂车辆进出，根本不可能拦住饭堂的路，那这样送外卖等依然可以进出，另外，C栋送水车辆不仅要给生活区送水，还要给办公楼送水。根本不可能完全拦住。路障除了给学生添加麻烦之外。我怀疑是某些领导新添建筑工程拿回扣？	6	6	2016-10-27 08:45    
0.0	0.11	0.0	0.061	0.0	0.0	0.0	0.0	0.0	0.043	0.043	0.0	0.0	0.0	0.0	0.0	0.0	0.031	0.0	0.0	0.0	0.0	0.0	0.0	0.0	0.0	0.0	0.0	0.0	0.0

我想跟那个偷外卖的人说 最近是不是穷到连吃饭的钱都没有了？如果是，请告诉我，我施舍一碗饭给你[呵呵] 请不要在人家最饿的时候拿走人家的外卖。还有，你的素质掉了，请把它捡起来！	5	4	2016-10-26 13:01    
0.0	0.11	0.0	0.0	0.0	0.0	0.055	0.0	0.0	0.0	0.0	0.0	0.0	0.0	0.0	0.0	0.0	0.0	0.0	0.0	0.0	0.0	0.031	0.0	0.0	0.0	0.0	0.0	0.0	0.0

预定了一份外卖 外卖到后我就躲在不远处观察 手里拿着钢管！我在钓鱼等偷外卖的出来 要是被我抓到了 你看老子不往死里打！好在g栋没人偷 等了半小时我就拿走上去了 把这个方法安利给大家 让那些偷外卖的付出代价！拉到楼梯楼道里 往死里揍 把矿泉水瓶装半瓶水 打人只疼不伤人	9	9	2016-10-26 13:14    
0.0	0.11	0.0	0.0	0.0	0.0	0.055	0.0	0.0	0.043	0.0	0.0	0.0	0.0	0.0	0.0	0.0	0.0	0.0	0.0	0.0	0.0	0.0	0.0	0.0	0.0	0.0	0.0	0.0	0.0

谢谢学校为我们费尽心血。为了给学生提供放心健康的饭菜。把路封了，拒绝外面‘’不卫生‘’的外卖。让饭堂的外卖送上门。小的感激涕零，依旧点外面的外卖。未能为饭堂贡献绵薄之力，在此道歉。对不起。	6	5	2016-10-25 21:40    
0.0	0.11	0.0	0.061	0.0	0.0	0.0	0.0	0.0	0.0	0.043	0.0	0.0	0.0	0.037	0.0	0.0	0.031	0.0	0.0	0.0	0.0	0.0	0.0	0.0	0.0	0.0	0.0	0.0	0.0

A栋偷拿人家水果和外卖的人们，你们是没有爸妈教你不能偷别人东西吗，人家送水果的第一次接到广中医的单子放在楼下，不到一分钟就不见了，真是丢尽了我们广中医的脸；作为一个大学生，你没有爸妈教应该也有学过思想品德啊	5	3	2016-10-13 19:33    
0.0	0.11	0.0	0.0	0.0	0.061	0.055	0.0	0.0	0.0	0.0	0.0	0.0	0.0	0.0	0.0	0.037	0.0	0.0	0.0	0.0	0.0	0.0	0.031	0.0	0.0	0.0	0.0	0.0	0.0

拿别人外卖的人到底是什么个心态啊？国庆留校的人本来就少，楼下就一份外卖还能拿错？这样的女生真的很过分耶！	3	2	2016-10-02 20:00    
0.0	0.11	0.0	0.0	0.0	0.0	0.0	0.0	0.0	0.0	0.0	0.0	0.0	0.0	0.0	0.037	0.0	0.0	0.0	0.0	0.0	0.0	0.0	0.0	0.0	0.0	0.0	0.0	0.0	0.0

