唉，课程又多，学完了也找不到工作的课程，为什么就不开好找工作的专业课呢？不留多点我们自己学习有用的呢？想自己努力的机会都没有。自己已经有了很明确的方向与目标，真的不想学课程内的无关内容，每天去课室去认真听没用的课浪费时间了。然而还严格考试考勤，这真的有意思吗[微笑]？	3	5	2016-10-22 13:27    
0.0	0.0	0.0	0.0	0.0	0.0	0.0	0.0	0.0	0.0	0.0	0.0	0.0	0.0	0.0	0.0	0.0	0.0	0.031	0.0	0.0	0.0	0.0	0.031	0.0	0.0	0.0	0.0	0.0	0.0

大鸟师兄，我还是很喜欢你欸，你有喜欢的人了吗	5	17	2016-10-21 01:25    
0.0	0.0	0.0	0.0	0.061	0.0	0.0	0.0	0.0	0.0	0.0	0.0	0.0	0.043	0.0	0.0	0.0	0.0	0.0	0.0	0.0	0.0	0.0	0.0	0.0	0.0	0.0	0.0	0.0	0.0

喜欢上一个师兄，可我毕业后会离开广州，他会留在一附院的样子，要不要表白	4	7	2016-10-19 00:41    
0.0	0.0	0.0	0.0	0.061	0.0	0.0	0.0	0.0	0.0	0.0	0.043	0.0	0.043	0.0	0.0	0.0	0.0	0.0	0.0	0.0	0.0	0.0	0.0	0.0	0.0	0.0	0.0	0.0	0.0

是不是学针灸推拿的帅哥特别多，I栋好多都在向针三或推协的师兄表白，虽然我喜欢的师兄也在针三(￣∇￣)	4	10	2016-10-16 01:22    
0.0	0.0	0.0	0.0	0.061	0.0	0.0	0.0	0.0	0.0	0.0	0.0	0.0	0.043	0.0	0.0	0.0	0.0	0.0	0.031	0.0	0.0	0.0	0.0	0.0	0.0	0.0	0.0	0.0	0.0

k栋快实习的那位师兄 你好烦 就不能再高个5cm吗 可是我不管你帅到我了你负责！	5	2	2016-10-14 12:20    
0.0	0.0	0.0	0.0	0.0	0.0	0.0	0.0	0.0	0.043	0.0	0.0	0.0	0.043	0.0	0.0	0.0	0.0	0.0	0.0	0.0	0.0	0.0	0.0	0.0	0.0	0.0	0.0	0.0	0.0

复习到几乎窒息，很崩溃的感觉，20出头的年纪真的很尴尬，不得不去争取，不得不坚持，但坚持真的很困难……看着他人那么轻松开心，自己却为了考试每天愁眉苦脸，自己选的路，跪着也要走完。考研党加油！都要加油！	40	17	2016-10-13 14:13    
0.0	0.0	0.0	0.0	0.0	0.0	0.0	0.0	0.0	0.0	0.043	0.0	0.0	0.0	0.0	0.0	0.0	0.0	0.0	0.0	0.0	0.031	0.0	0.0	0.0	0.0	0.0	0.0	0.0	0.0

我大概是喜欢上一个师兄了，虽然只见过两次。他长得挺好看，声音好听。可是我觉得我太丑了，不敢开撩[鼻涕]他从来没主动找我聊过天，我疯了吧居然喜欢一个只见了两次的人	6	14	2016-10-10 22:46    
0.0	0.0	0.0	0.0	0.061	0.0	0.0	0.0	0.0	0.0	0.0	0.0	0.0	0.043	0.0	0.0	0.0	0.0	0.0	0.0	0.0	0.0	0.0	0.0	0.0	0.0	0.0	0.0	0.0	0.0

总说要求高，但是谁没有要求呢，工作沉浮太久，单身2年了，想认识一些女生。本人15届毕业，家在广州，身高175cm，63kg。不会游泳，性格外向活泼，属于情感细腻类型，对女生要求身高158以上，110kg以下。其他看感觉。有意者联系企鹅五零五六四四八八一	4	17	2016-10-10 10:35    
0.0	0.0	0.0	0.0	0.0	0.0	0.0	0.0	0.0	0.0	0.0	0.043	0.0	0.0	0.0	0.037	0.0	0.0	0.031	0.0	0.0	0.031	0.0	0.0	0.0	0.0	0.0	0.0	0.0	0.0

我是那个被不嫌弃的男生，谢谢各位师妹的解答，我和她都是广中医，隔壁班，大一好像就认识了，现在在不同地方规培。。。其实大学期间的感情应该是最单纯的，毕业了，考虑的东西多了。。。所以我会慢慢来，若有朝一日稳定了，去她的城市和她一起，我会再回来。。。。。。。。。虐尔等一波[兔子]	13	4	2016-10-08 22:21    
0.0	0.0	0.0	0.0	0.0	0.061	0.0	0.0	0.0	0.0	0.0	0.043	0.0	0.0	0.0	0.0	0.0	0.0	0.0	0.0	0.0	0.0	0.0	0.0	0.025	0.0	0.0	0.0	0.0	0.0

南票的爸妈老是让他带我回去见见，但是我俩都觉得还早，才大四啊，毕业了再去，所以一直推脱没去。今天他妈妈跟嫂子突然说从佛山来学校看他，有点醉翁之意不在酒，我一怂让他说我不在学校就吓跑了。求未来婆婆的心理阴影面积。	8	11	2016-10-07 13:07    
0.0	0.0	0.0	0.061	0.0	0.0	0.0	0.0	0.0	0.0	0.0	0.043	0.0	0.0	0.0	0.0	0.0	0.0	0.0	0.0	0.0	0.0	0.0	0.0	0.0	0.0	0.0	0.0	0.0	0.0

昨天看I栋才知道这本书是我们学校师兄写的，之前还知道。两个月前看了，写得实在太好了，思考非常深入，解读的时候却用极其简单的方式，尤其喜欢上面的思考图，简直太牛了，果然是大广中医出来的人才!!!	9	2	2016-10-31 20:44    
0.0	0.0	0.0	0.061	0.061	0.061	0.0	0.0	0.0	0.0	0.0	0.0	0.0	0.043	0.0	0.0	0.0	0.0	0.0	0.0	0.0	0.0	0.0	0.0	0.0	0.0	0.0	0.0	0.0	0.0

梦到跟一个师兄（不是我喜欢的那个）去开房了，吓得我一个激灵就精神了	5	13	2016-11-01 08:12    
0.0	0.0	0.0	0.0	0.061	0.0	0.0	0.0	0.0	0.0	0.0	0.0	0.0	0.043	0.0	0.0	0.0	0.0	0.0	0.0	0.0	0.0	0.0	0.0	0.0	0.0	0.0	0.0	0.0	0.0

明天还有比赛，失恋大半年还走不出来，最近工作很忙很有挑战，最近图书馆去的次数又少了很多。在I栋给自己鼓鼓劲吧，人鱼线会有的，学富五车会有的，良好人际关系会有的。未来，在等我来。这个时候要是有个人一起聊聊天就更好啦。点赞？	30	2	2016-10-29 01:23    
0.0	0.0	0.0	0.0	0.0	0.0	0.0	0.0	0.0	0.0	0.0	0.0	0.043	0.0	0.0	0.0	0.0	0.0	0.031	0.0	0.0	0.0	0.0	0.0	0.0	0.0	0.0	0.0	0.0	0.0

部门副部师兄像个傻子，呆萌呆萌的，好可爱。喜欢	3	8	2016-10-27 20:44    
0.0	0.0	0.0	0.0	0.061	0.0	0.0	0.0	0.0	0.0	0.0	0.0	0.0	0.043	0.0	0.0	0.0	0.0	0.0	0.0	0.0	0.0	0.0	0.0	0.0	0.0	0.0	0.0	0.0	0.0

师兄数码的诚信问题。电脑拿去换个网卡260元，说有一个月的保修期。不到一个月，电脑又不能上网，于是拿回去修，却被一拖再拖了半个月原因说新网卡没到，期间我每天都问修的情况，得到回复都是一两天最迟后天，一直最迟了半个月。到今天都在说配件没到。我才突然醒悟这是应对“保修”的策略，压着！	6	6	2016-10-25 21:16    
0.0	0.0	0.0	0.0	0.0	0.0	0.0	0.0	0.0	0.0	0.0	0.0	0.0	0.043	0.0	0.0	0.0	0.0	0.0	0.0	0.0	0.0	0.0	0.031	0.0	0.0	0.0	0.0	0.0	0.0

？？？？D栋那个出口也封了？？？你知道我找去图书馆的路找了半个小时吗[摊手]我他妈的只知道从那个路口骑车去教学区呀！！！！！[微笑]有病哦！！	3	10	2016-10-24 19:57    
0.0	0.0	0.0	0.0	0.0	0.0	0.0	0.0	0.0	0.0	0.043	0.0	0.043	0.0	0.037	0.0	0.0	0.0	0.0	0.0	0.0	0.0	0.0	0.0	0.0	0.0	0.0	0.0	0.0	0.0

住在K栋，早上没课想骑车去图书馆看看书，可是天桥底下入口封了，综合楼那个架空层又不让放车，岭南名医壁也不让放单车，所以骑车去图书馆，车只能放在综合楼前面日晒雨淋，或者是在教a了。不觉得这样特别不方便吗。[眼泪]请求帮忙解决@广州中医药大学学生会权益部	5	5	2016-10-24 14:10    
0.0	0.0	0.0	0.0	0.0	0.0	0.0	0.0	0.0	0.0	0.0	0.0	0.043	0.0	0.037	0.0	0.0	0.0	0.0	0.031	0.0	0.0	0.0	0.0	0.0	0.0	0.0	0.0	0.0	0.0

说实话，某些女生，你们知不知道图书馆不能吃东西的[难过] 而且还在一楼多媒体室吃味道很大的早餐[斜眼] 已经不是第一次遇到这种人，怒到狂拍桌[斜眼] 图书馆不能吃东西，你老师没教你吗[汗] 下次再碰到这种人直接爆照发I栋了 一大早就被这素质恶心到了	7	4	2016-10-24 09:05    
0.0	0.0	0.0	0.0	0.0	0.0	0.0	0.0	0.0	0.0	0.0	0.0	0.043	0.0	0.0	0.037	0.0	0.0	0.0	0.0	0.0	0.0	0.0	0.0	0.0	0.0	0.0	0.0	0.0	0.0

急，广中医的同学们，请问有人在图书馆借了《精通jQuery Web开发》和《Linux网络服务配置详解》这两本书吗？书已过期还未归还，希望借书人能尽快归还这两本书，感谢！	4	4	2016-10-23 12:59    
0.0	0.0	0.0	0.0	0.0	0.061	0.0	0.0	0.043	0.0	0.0	0.0	0.043	0.0	0.0	0.0	0.0	0.0	0.0	0.0	0.0	0.0	0.0	0.0	0.0	0.0	0.0	0.0	0.0	0.0

男朋友总是叫我去见家长，但是我想毕业后工作稳定再说，他也能理解，但是还是感觉他失落，自己是不是太自私了？可是真的不想那么快见家长，在一起5年了，但是感觉不到时间。。。	6	10	2016-10-06 08:01    
0.0	0.0	0.0	0.0	0.0	0.0	0.0	0.0	0.0	0.0	0.0	0.043	0.0	0.0	0.0	0.0	0.0	0.0	0.031	0.0	0.0	0.031	0.0	0.031	0.0	0.0	0.025	0.0	0.0	0.0

我们学校有没有跨专业考研的师兄师姐啊，比如临床跨到心理学啊教育学之类的！想了解相关的，求不沉底！	5	5	2016-10-05 18:31    
0.0	0.0	0.0	0.061	0.0	0.0	0.0	0.0	0.0	0.0	0.0	0.0	0.0	0.043	0.0	0.0	0.0	0.0	0.0	0.0	0.0	0.0	0.0	0.0	0.0	0.0	0.0	0.0	0.0	0.0

毕业三年多，拼的累了，真的也该拍拖了，想问问有没也是毕业了的单身女生，有结婚想法的，大家看看合适不，点赞我私信你，这样，好过去相亲	13	9	2016-10-02 23:42    
0.0	0.0	0.0	0.0	0.0	0.0	0.0	0.0	0.0	0.0	0.0	0.043	0.0	0.0	0.0	0.037	0.0	0.0	0.0	0.0	0.0	0.0	0.0	0.0	0.0	0.0	0.0	0.0	0.0	0.0

