问下有人知道这不要脸的是什么社团吗？一大早八点多在JK栋之间玩游戏吵吵嚷嚷，不知道空旷的地方回音很大吗？善意的提醒完还是这样！TM的不要脸，有没有脑子，平时上课那么累实习加班回到宿舍只想睡，有没有考虑过别人的感受？给自己的社团丢脸！！	9	5	2016-10-22 09:23    
0.0	0.0	0.079	0.0	0.047	0.0	0.0	0.0	0.032	0.0	0.0	0.0	0.0	0.0	0.0	0.0	0.032	0.0	0.0	0.0	0.0	0.0	0.0	0.0	0.032	0.0	0.0	0.0	0.0	0.032

喜欢上一个师兄，可我毕业后会离开广州，他会留在一附院的样子，要不要表白	4	7	2016-10-19 00:41    
0.0	0.111	0.0	0.0	0.0	0.0	0.0	0.0	0.0	0.0	0.0	0.0	0.0	0.0	0.0	0.0	0.0	0.032	0.0	0.0	0.0	0.0	0.0	0.0	0.0	0.0	0.0	0.0	0.0	0.0

昨晚和同学打完球去喝酒，一个同学讲假期他偷偷在医院实习了一个月累的跟狗一样，为了买一个超级漂亮的项链给她，然而她的生日他却再也没有机会送出去了，唉	3	14	2016-10-17 07:59    
0.0	0.0	0.079	0.0	0.047	0.0	0.0	0.0	0.0	0.0	0.032	0.0	0.0	0.0	0.0	0.0	0.0	0.0	0.0	0.0	0.0	0.0	0.0	0.0	0.0	0.0	0.0	0.0	0.032	0.0

中医学子，何以维权？！：【1】依照学校推免的惯例以及文件要求，保险学作为一个独立的专业，有一个推免生名额。2016年9月9日，我参加了经济与管理学院的推免面试，后学院公示文件显示我获得...文字版>> http://t.cn/Rc1JUAR （新浪长微博>> 还在为微博的140字烦恼？你out啦~快来试试新浪博客的长微博工具吧！把你想说的话，想分享的照片合成一条微博发布。）	9	9	2016-10-13 20:15    
0.0	0.0	0.0	0.063	0.0	0.0	0.047	0.0	0.0	0.0	0.0	0.0	0.0	0.0	0.0	0.0	0.0	0.0	0.0	0.0	0.0	0.0	0.0	0.0	0.0	0.0	0.032	0.0	0.0	0.0

我是那个被不嫌弃的男生，谢谢各位师妹的解答，我和她都是广中医，隔壁班，大一好像就认识了，现在在不同地方规培。。。其实大学期间的感情应该是最单纯的，毕业了，考虑的东西多了。。。所以我会慢慢来，若有朝一日稳定了，去她的城市和她一起，我会再回来。。。。。。。。。虐尔等一波[兔子]	13	4	2016-10-08 22:21    
0.0	0.111	0.0	0.0	0.0	0.0	0.0	0.0	0.032	0.0	0.0	0.0	0.0	0.0	0.0	0.0	0.0	0.0	0.0	0.0	0.032	0.032	0.032	0.0	0.0	0.0	0.0	0.032	0.0	0.0

南票的爸妈老是让他带我回去见见，但是我俩都觉得还早，才大四啊，毕业了再去，所以一直推脱没去。今天他妈妈跟嫂子突然说从佛山来学校看他，有点醉翁之意不在酒，我一怂让他说我不在学校就吓跑了。求未来婆婆的心理阴影面积。	8	11	2016-10-07 13:07    
0.0	0.111	0.0	0.063	0.0	0.0	0.0	0.0	0.0	0.032	0.0	0.0	0.0	0.032	0.0	0.0	0.0	0.0	0.0	0.0	0.0	0.0	0.0	0.0	0.0	0.0	0.0	0.0	0.0	0.0

我的告别赛……再也没有护理鱼[热带鱼] 明年也毕业了，再也没有傻逼逼，再也没有哈士奇，再也没有泰迪，再也没有你。move on	5	3	2016-11-01 21:47    
0.0	0.111	0.0	0.0	0.0	0.0	0.0	0.0	0.0	0.0	0.032	0.0	0.0	0.0	0.0	0.0	0.0	0.0	0.0	0.0	0.0	0.0	0.0	0.032	0.0	0.0	0.0	0.0	0.0	0.0

我发现自己好像出轨了，教教我怎么办[难过]实习的时候遇到个很优秀的带教，ta对我也很好，平时我们也会聊天，可是最近一周ta不怎么理我，我已经连续三晚梦到ta了，要不要跟另一半说，我好像喜欢了带教，那个比我大15岁的老师[难过]	3	20	2016-10-27 20:39    
0.0	0.0	0.079	0.0	0.0	0.0	0.0	0.0	0.0	0.0	0.0	0.0	0.0	0.0	0.0	0.0	0.0	0.032	0.0	0.0	0.0	0.0	0.032	0.0	0.032	0.0	0.0	0.0	0.0	0.0

在一起三年，当初他说等他毕业的那天会带我去见他爸妈，现在毕业了，他爸妈还不知道有我这个人的存在，他总是让我等，因为他怕他爸妈不同意，伤透了心却还是放不下，是我不懂他还是我在自欺欺人，怎样才能放下一段感情忘掉一个人。	3	9	2016-10-05 23:46    
0.0	0.111	0.0	0.0	0.0	0.0	0.0	0.0	0.0	0.0	0.0	0.0	0.0	0.032	0.0	0.0	0.0	0.0	0.032	0.0	0.032	0.0	0.0	0.0	0.0	0.0	0.0	0.0	0.0	0.0

毕业三年多，拼的累了，真的也该拍拖了，想问问有没也是毕业了的单身女生，有结婚想法的，大家看看合适不，点赞我私信你，这样，好过去相亲	13	9	2016-10-02 23:42    
0.0	0.111	0.0	0.0	0.047	0.0	0.0	0.032	0.0	0.0	0.0	0.0	0.032	0.0	0.0	0.0	0.0	0.0	0.032	0.0	0.0	0.0	0.0	0.0	0.0	0.0	0.0	0.0	0.0	0.0

