唉，课程又多，学完了也找不到工作的课程，为什么就不开好找工作的专业课呢？不留多点我们自己学习有用的呢？想自己努力的机会都没有。自己已经有了很明确的方向与目标，真的不想学课程内的无关内容，每天去课室去认真听没用的课浪费时间了。然而还严格考试考勤，这真的有意思吗[微笑]？	3	5	2016-10-22 13:27    
0.158	0.0	0.0	0.0	0.0	0.0	0.0	0.0	0.0	0.0	0.0	0.0	0.0	0.0	0.032	0.0	0.0	0.0	0.0	0.0	0.0	0.0	0.0	0.0	0.0	0.0	0.0	0.0	0.032	0.0

大四狗好懵逼…现在找了一份不错的实习，跟本专业无关的，在一家行业内全国都非常有名的公司工作，做的也是我喜欢的。但是学校说只能找与本专业相关的，否则实习无效。	5	2	2016-10-21 17:21    
0.158	0.0	0.079	0.063	0.0	0.0	0.0	0.0	0.0	0.0	0.0	0.0	0.0	0.0	0.0	0.0	0.0	0.032	0.0	0.0	0.0	0.0	0.0	0.032	0.0	0.0	0.0	0.0	0.0	0.0

自修室可以通宵对吗～不想晚上要工作～不想吵到舍友啊啊啊啊	4	5	2016-10-13 22:23    
0.158	0.0	0.0	0.0	0.0	0.0	0.0	0.0	0.0	0.0	0.0	0.0	0.0	0.0	0.032	0.0	0.0	0.0	0.0	0.0	0.0	0.0	0.0	0.0	0.0	0.0	0.0	0.0	0.0	0.0

总说要求高，但是谁没有要求呢，工作沉浮太久，单身2年了，想认识一些女生。本人15届毕业，家在广州，身高175cm，63kg。不会游泳，性格外向活泼，属于情感细腻类型，对女生要求身高158以上，110kg以下。其他看感觉。有意者联系企鹅五零五六四四八八一	4	17	2016-10-10 10:35    
0.158	0.111	0.0	0.0	0.0	0.0	0.047	0.032	0.0	0.0	0.0	0.032	0.0	0.0	0.0	0.0	0.0	0.0	0.0	0.032	0.0	0.0	0.0	0.0	0.0	0.032	0.0	0.0	0.0	0.0

为了男朋友，即将辞掉工作结束异地，希望我不会后悔，希望我们以后日子阳光明媚，比心[爱心]️	37	14	2016-10-09 18:28    
0.158	0.0	0.0	0.0	0.0	0.047	0.0	0.0	0.0	0.0	0.0	0.0	0.0	0.0	0.0	0.0	0.0	0.0	0.0	0.0	0.0	0.0	0.0	0.0	0.0	0.0	0.0	0.0	0.0	0.0

双十一申通快递招快递兼职啦~工作简单只需要分拣快递，每天工作八小时，早上八点到下午四点（快递多的话需要提前半小时）。工作地点是大学城穗石村，在学校骑单车10-15分钟就能到的，工资高一天100哦~13号-25号每天都需要人，周末基本人爆满了。希望工作日没课的亲踊跃报名哦~微信私聊	4	4	2016-11-01 16:01    
0.158	0.0	0.0	0.063	0.0	0.047	0.0	0.0	0.0	0.0	0.0	0.0	0.0	0.0	0.0	0.032	0.0	0.0	0.0	0.0	0.0	0.0	0.0	0.0	0.0	0.032	0.0	0.0	0.0	0.032

有人这周四有空兼职吗？ 工作就是辅导小学生做作业 很简单，地点在科韵路附近，公交车就能到，有意者评论啊～最好是有经验的～急求！	3	5	2016-11-01 15:57    
0.158	0.0	0.0	0.0	0.0	0.0	0.0	0.0	0.0	0.0	0.0	0.0	0.0	0.0	0.0	0.032	0.032	0.0	0.0	0.032	0.0	0.0	0.0	0.0	0.0	0.0	0.0	0.0	0.0	0.0

明天还有比赛，失恋大半年还走不出来，最近工作很忙很有挑战，最近图书馆去的次数又少了很多。在I栋给自己鼓鼓劲吧，人鱼线会有的，学富五车会有的，良好人际关系会有的。未来，在等我来。这个时候要是有个人一起聊聊天就更好啦。点赞？	30	2	2016-10-29 01:23    
0.158	0.0	0.0	0.0	0.0	0.0	0.0	0.0	0.0	0.032	0.0	0.0	0.032	0.0	0.0	0.0	0.0	0.0	0.0	0.0	0.0	0.0	0.0	0.0	0.0	0.0	0.0	0.0	0.0	0.0

刚工作的小女森一名，长得还可以呐～最近想谈恋爱了，在潮汕工作的优先，微博里有照片最好啦！	6	19	2016-10-27 00:54    
0.158	0.0	0.0	0.0	0.0	0.0	0.0	0.0	0.0	0.0	0.0	0.0	0.0	0.0	0.0	0.0	0.0	0.0	0.0	0.0	0.0	0.0	0.0	0.0	0.0	0.0	0.032	0.0	0.0	0.0

D棟收垃圾的阿姨說，請把紙箱放在垃圾桶旁邊，不要扔進垃圾桶裏，這樣方便她的工作，請看到的各位留心一下啦，舉手之勞而已，希望其它宿舍樓的也儘量這樣做吧。	30	2	2016-10-23 17:42    
0.158	0.0	0.0	0.0	0.0	0.047	0.0	0.0	0.0	0.0	0.0	0.0	0.0	0.0	0.0	0.0	0.0	0.0	0.0	0.0	0.0	0.0	0.0	0.0	0.0	0.0	0.0	0.0	0.0	0.0

男朋友总是叫我去见家长，但是我想毕业后工作稳定再说，他也能理解，但是还是感觉他失落，自己是不是太自私了？可是真的不想那么快见家长，在一起5年了，但是感觉不到时间。。。	6	10	2016-10-06 08:01    
0.158	0.111	0.0	0.0	0.0	0.0	0.047	0.0	0.0	0.0	0.0	0.032	0.0	0.0	0.032	0.0	0.0	0.0	0.0	0.0	0.0	0.032	0.0	0.0	0.0	0.0	0.0	0.0	0.0	0.0

